return {
	Vector3.new(-29.1218472, 2.49260283, -16.1361408),
	Vector3.new(-27.1921864, 2.59225512, -15.8220348),
	Vector3.new(-27.1985855, 2.79446864, -15.2906914),
	Vector3.new(-27.1537437, 2.91188216, -14.9632397),
	Vector3.new(-27.0243511, 2.97845769, -14.7420311),
	Vector3.new(-26.8179226, 3.0235374, -14.6288528),
	Vector3.new(-26.3834267, 3.05969691, -14.5475969),
	Vector3.new(-26.012146, 3.06325531, -14.4922543),
	Vector3.new(-25.8074017, 2.97624063, -14.6025028),
	Vector3.new(-25.7628708, 2.8458879, -14.8403187),
	Vector3.new(-25.8880501, 2.522228, -15.5312595),
	Vector3.new(-25.9880219, 2.48640347, -15.6699667),
	Vector3.new(-26.2221985, 2.47859097, -15.8097639),
	Vector3.new(-26.8711166, 2.4738493, -15.9898119),
	Vector3.new(-27.1030331, 2.50077105, -15.9803009),
	Vector3.new(-27.1981869, 2.5682435, -15.8703604),
	Vector3.new(-29.1266937, 2.47238183, -16.1837101),
	Vector3.new(-31.1062126, 2.59566665, -15.8122425),
	Vector3.new(-31.2604542, 2.52929258, -15.9168787),
	Vector3.new(-31.4962215, 2.5191977, -15.894268),
	Vector3.new(-32.1888924, 2.51610613, -15.6840343),
	Vector3.new(-32.3325996, 2.54026508, -15.5412607),
	Vector3.new(-32.4261017, 2.6288805, -15.3230667),
	Vector3.new(-32.4862366, 2.89393044, -14.7666588),
	Vector3.new(-32.4572029, 2.97394896, -14.6096745),
	Vector3.new(-32.3715744, 3.02662516, -14.5324373),
	Vector3.new(-32.2397804, 3.05767751, -14.513916),
	Vector3.new(-31.4533043, 3.02118993, -14.6382284),
	Vector3.new(-31.329586, 2.99912047, -14.6828976),
	Vector3.new(-31.2117996, 2.96704102, -14.780879),
	Vector3.new(-31.1374874, 2.92400193, -14.9269381),
	Vector3.new(-31.0695438, 2.75248814, -15.4036369),
	Vector3.new(-31.0775795, 2.60998178, -15.7757931),
	Vector3.new(-29.0227833, 2.47579861, -16.1719437),
	Vector3.new(-29.1778221, 2.48206019, -16.1606827),
	Vector3.new(-28.4602451, 2.67387342, -15.7220974),
	Vector3.new(-28.2204533, 2.90356541, -15.1013165),
	Vector3.new(-28.0075684, 3.09893513, -14.5073566),
	Vector3.new(-27.7021217, 3.47027755, -12.1713743),
	Vector3.new(-27.6096497, 3.57774425, -11.1174049),
	Vector3.new(-27.0740032, 3.52643609, -10.9426947),
	Vector3.new(-26.5184364, 3.51601315, -10.6272125),
	Vector3.new(-26.0692825, 3.49959874, -10.1882935),
	Vector3.new(-25.9259682, 3.42191982, -11.0456114),
	Vector3.new(-25.9330406, 3.44964981, -12.1346922),
	Vector3.new(-25.9781494, 3.3382833, -13.5059595),
	Vector3.new(-26.0727253, 3.07038927, -14.4881163),
	Vector3.new(-25.9373817, 3.44918299, -12.1625118),
	Vector3.new(-25.9267292, 3.4267869, -11.106184),
	Vector3.new(-26.1003304, 3.50284052, -10.1838188),
	Vector3.new(-26.5134888, 3.51623225, -10.6164494),
	Vector3.new(-27.0522575, 3.52617002, -10.9340191),
	Vector3.new(-27.6190987, 3.5823431, -11.1440372),
	Vector3.new(-27.7585258, 3.69346666, -11.147254),
	Vector3.new(-29.0719261, 3.77253866, -11.2515926),
	Vector3.new(-30.3852367, 3.76601696, -11.1684895),
	Vector3.new(-30.6453934, 3.58765841, -11.1065111),
	Vector3.new(-31.3401108, 3.52462673, -10.8834772),
	Vector3.new(-31.9920235, 3.50849009, -10.4559441),
	Vector3.new(-32.2104034, 3.49917722, -10.1919346),
	Vector3.new(-32.3277473, 3.44538021, -11.1061287),
	Vector3.new(-32.3517914, 3.4391799, -12.4595127),
	Vector3.new(-32.3024254, 3.26014853, -13.8012676),
	Vector3.new(-32.1984978, 3.06028533, -14.5182829),
	Vector3.new(-31.3921833, 3.01518726, -14.6424437),
	Vector3.new(-31.2604294, 2.98898745, -14.7033815),
	Vector3.new(-31.144474, 2.93560815, -14.8886395),
	Vector3.new(-31.0857143, 2.75096202, -15.4074898),
	Vector3.new(-31.0698833, 2.62835264, -15.7282095),
	Vector3.new(-29.1838474, 2.48780799, -16.1448021),
	Vector3.new(-29.6886978, 2.72265625, -15.6810532),
	Vector3.new(-30.3082123, 3.01169682, -14.6881609),
	Vector3.new(-30.4392071, 3.35576177, -13.4357309),
	Vector3.new(-30.6879654, 3.530689, -11.6854296),
	Vector3.new(-30.6350727, 3.58581018, -11.1974792),
	Vector3.new(-30.4596825, 3.73425293, -11.1235819),
	Vector3.new(-29.080759, 3.77134871, -11.2603531),
	Vector3.new(-29.1198292, 3.39107108, -13.7195997),
	Vector3.new(-29.1183128, 3.10773897, -15.031291),
	Vector3.new(-29.1506004, 2.59105706, -15.9869385),
	Vector3.new(-29.1159286, 2.48144007, -16.1621723),
	Vector3.new(-29.14645, 2.14695859, -16.7591057),
	Vector3.new(-29.1366673, 1.96078813, -16.9701042),
	Vector3.new(-28.7010994, 1.94199836, -16.9413605),
	Vector3.new(-28.5886116, 1.88436508, -16.9605522),
	Vector3.new(-28.478178, 1.79306579, -16.9895687),
	Vector3.new(-28.4102554, 1.63431013, -17.0329571),
	Vector3.new(-28.4206295, 1.45037413, -17.0792332),
	Vector3.new(-28.5035496, 1.28443694, -17.1128063),
	Vector3.new(-28.6349869, 1.20179296, -17.1336594),
	Vector3.new(-29.0790691, 1.15388989, -17.1805477),
	Vector3.new(-29.7263947, 1.1710906, -17.1215229),
	Vector3.new(-29.8560886, 1.21433043, -17.1017036),
	Vector3.new(-29.9267063, 1.38513637, -17.0743103),
	Vector3.new(-29.9405746, 1.54630065, -17.0430737),
	Vector3.new(-29.8934498, 1.81830716, -16.9625893),
	Vector3.new(-29.7697144, 1.88445687, -16.9482231),
	Vector3.new(-29.4692211, 1.93947697, -16.9544983),
	Vector3.new(-29.1284866, 1.95500553, -16.9756737),
	Vector3.new(-30.4100342, 1.97401607, -16.7961369),
	Vector3.new(-32.1383858, 2.10452509, -16.2421608),
	Vector3.new(-32.4358139, 2.112535, -15.918376),
	Vector3.new(-32.8627167, 2.05980134, -14.6448021),
	Vector3.new(-32.8623085, 2.59650278, -14.3400459),
	Vector3.new(-32.8306274, 2.97152877, -13.9138288),
	Vector3.new(-32.8736382, 3.09371996, -13.2706203),
	Vector3.new(-32.8917122, 3.07268167, -13.0086842),
	Vector3.new(-32.9008827, 2.9838233, -12.4955139),
	Vector3.new(-32.9249611, 2.71355247, -12.0838966),
	Vector3.new(-32.925087, 2.40567565, -11.8695564),
	Vector3.new(-32.9016075, 1.85805643, -11.641799),
	Vector3.new(-32.8748436, 1.35091901, -11.514677),
	Vector3.new(-32.7667427, 0.871092081, -11.5353832),
	Vector3.new(-32.8337975, 1.05737436, -5.00090885),
	Vector3.new(-32.9064331, 0.969655037, -4.43413877),
	Vector3.new(-32.9397507, 0.799999714, -3.8899591),
	Vector3.new(-33.0312195, 1.16583872, -3.87011981),
	Vector3.new(-33.1060104, 1.90423846, -3.81595492),
	Vector3.new(-33.1294899, 2.41709137, -3.63683224),
	Vector3.new(-33.1410027, 2.80023003, -3.24642324),
	Vector3.new(-33.1091843, 3.08274674, -2.73431373),
	Vector3.new(-33.1177139, 3.13665366, -2.09516954),
	Vector3.new(-33.1175041, 3.05564833, -1.5796212),
	Vector3.new(-33.1149101, 2.82590652, -1.21368229),
	Vector3.new(-33.1008148, 2.44042921, -0.824054837),
	Vector3.new(-33.0459518, 1.87444973, -0.547662735),
	Vector3.new(-32.9342957, 1.16811585, -0.52116704),
	Vector3.new(-32.879528, 0.821741819, -0.506006241),
	Vector3.new(-32.85149, 0.765895605, -0.21118319),
	Vector3.new(-32.85149, 0.765895605, -0.21118319),
	Vector3.new(-32.7478065, 0.90411675, 0.51311183),
	Vector3.new(-32.7319756, 1.09218013, 0.788236856),
	Vector3.new(-32.7240334, 1.65088069, 1.03503084),
	Vector3.new(-32.7205238, 2.40782309, 1.23486733),
	Vector3.new(-32.6368027, 3.14267087, 1.19694066),
	Vector3.new(-32.4015007, 3.70931482, 1.07062364),
	Vector3.new(-31.8557148, 4.00788593, 1.21541381),
	Vector3.new(-30.8586845, 4.03983974, 1.29877114),
	Vector3.new(-30.1710472, 4.04635048, 1.35117126),
	Vector3.new(-29.2974701, 4.04173613, 1.37022114),
	Vector3.new(-28.035471, 4.04882383, 1.36605144),
	Vector3.new(-27.1348877, 4.03211069, 1.26717734),
	Vector3.new(-26.3586426, 4.00534725, 1.20275044),
	Vector3.new(-25.8342381, 3.65861273, 1.08021832),
	Vector3.new(-25.6025887, 3.05262876, 1.17833138),
	Vector3.new(-25.5354004, 2.61598277, 1.14204907),
	Vector3.new(-25.524292, 1.67548287, 0.989906073),
	Vector3.new(-25.5288372, 1.14347386, 0.799995422),
	Vector3.new(-25.552, 0.96428895, 0.744598866),
	Vector3.new(-25.540144, 0.813873768, 0.416622639),
	Vector3.new(-25.4634171, 0.720797777, -0.103012919),
	Vector3.new(-25.4258041, 0.665788174, -0.442883134),
	Vector3.new(-25.368187, 0.947953582, -0.519932032),
	Vector3.new(-25.2840424, 1.49399519, -0.551016092),
	Vector3.new(-25.196558, 2.10612035, -0.605787635),
	Vector3.new(-25.1628208, 2.51430893, -0.810802221),
	Vector3.new(-25.1495895, 2.85877323, -1.27800465),
	Vector3.new(-25.142189, 3.09055233, -1.76140749),
	Vector3.new(-25.1346455, 3.10445499, -2.20685911),
	Vector3.new(-25.1326046, 3.04041433, -2.73411608),
	Vector3.new(-25.1241531, 2.87577081, -3.10831022),
	Vector3.new(-25.1127911, 2.64678979, -3.36841631),
	Vector3.new(-25.124176, 2.3108983, -3.59335375),
	Vector3.new(-25.1635838, 1.80701792, -3.82202578),
	Vector3.new(-25.2408981, 1.07591677, -3.83862019),
	Vector3.new(-25.32514, 0.779872894, -3.84486842),
	Vector3.new(-25.3457642, 0.911582112, -4.23449802),
	Vector3.new(-25.4062691, 1.00476873, -4.79833698),
	Vector3.new(-25.463728, 1.05099988, -5.27786541),
	Vector3.new(-25.4512768, 1.00882149, -10.5154676),
	Vector3.new(-25.437355, 1.01034355, -10.9956942),
	Vector3.new(-25.4334755, 1.01037478, -11.4794044),
	Vector3.new(-25.3848877, 1.37073445, -11.5013075),
	Vector3.new(-25.3566418, 1.8395052, -11.5877037),
	Vector3.new(-25.340765, 2.25837064, -11.7300596),
	Vector3.new(-25.3376732, 2.60636473, -11.9628305),
	Vector3.new(-25.3477688, 2.79862404, -12.279192),
	Vector3.new(-25.3623772, 2.98613238, -12.7482433),
	Vector3.new(-25.3747978, 3.01316571, -13.2634354),
	Vector3.new(-25.387722, 2.98751736, -13.7110958),
	Vector3.new(-25.3875198, 2.83202291, -14.0253458),
	Vector3.new(-25.407793, 2.45495343, -14.4629498),
	Vector3.new(-25.4142475, 1.93650842, -14.7166605),
	Vector3.new(-25.4431648, 1.38482225, -14.7786798),
	Vector3.new(-25.4178734, 0.91342175, -14.8227291),
	Vector3.new(-25.4141541, 0.555260122, -14.7430983),
	Vector3.new(-25.6819668, 0.615468264, -15.7738352),
	Vector3.new(-25.8414574, 0.641534388, -16.1914539),
	Vector3.new(-26.137167, 0.658392549, -16.5581627),
	Vector3.new(-26.4969749, 0.652481854, -16.7639923),
	Vector3.new(-26.8797493, 0.652941227, -16.9193993),
	Vector3.new(-26.9672775, 0.796948016, -16.9181938),
	Vector3.new(-27.3567066, 0.78021729, -17.0225277),
	Vector3.new(-28.0546169, 0.814005196, -17.1505547),
	Vector3.new(-28.6776505, 0.800712466, -17.2349167),
	Vector3.new(-29.0793362, 0.796765924, -17.246563),
	Vector3.new(-29.6658573, 0.820917487, -17.2160931),
	Vector3.new(-30.2539692, 0.816281855, -17.1414928),
	Vector3.new(-30.8631439, 0.77894789, -17.0328465),
	Vector3.new(-31.3540363, 0.756155968, -16.9123421),
	Vector3.new(-31.4162445, 0.665900886, -16.908535),
	Vector3.new(-31.7468319, 0.637677968, -16.7742844),
	Vector3.new(-32.0058975, 0.636912286, -16.6459637),
	Vector3.new(-32.3002319, 0.628516674, -16.3850651),
	Vector3.new(-32.5966454, 0.583093643, -15.6990757),
	Vector3.new(-32.8564072, 0.581630349, -14.7471657),
	Vector3.new(-32.8677521, 0.884195447, -14.7445478),
	Vector3.new(-32.8107452, 1.21223557, -14.7788401),
	Vector3.new(-32.8547058, 1.66928649, -14.7183638),
	Vector3.new(-32.8591423, 2.0307653, -14.6685562),
	Vector3.new(-32.4583092, 2.1044507, -15.8841267),
	Vector3.new(-32.1324081, 2.1171236, -16.2363358),
	Vector3.new(-30.42589, 1.97614241, -16.7918243),
	Vector3.new(-29.175703, 1.97336173, -16.9547882),
	Vector3.new(-28.0316486, 1.96699548, -16.8273869),
	Vector3.new(-27.05336, 2.0363009, -16.591568),
	Vector3.new(-26.1887741, 2.1278975, -16.2592373),
	Vector3.new(-25.8421955, 2.11940742, -15.9352274),
	Vector3.new(-25.4409752, 2.01982903, -14.8128271),
	Vector3.new(-25.4126587, 1.98568046, -14.7068233),
	Vector3.new(-25.5240345, 2.63323283, -14.7013731),
	Vector3.new(-25.7479019, 2.89293456, -14.7265253),
	Vector3.new(-25.8098545, 2.97559237, -14.6062908),
	Vector3.new(-26.0543442, 3.07140636, -14.4813051),
	Vector3.new(-26.0023708, 3.3405869, -13.5116653),
	Vector3.new(-25.5724163, 3.21534848, -13.5348434),
	Vector3.new(-25.3862801, 3.04804754, -13.5184393),
	Vector3.new(-25.3620987, 2.98263693, -12.7452526),
	Vector3.new(-25.3466263, 2.79964566, -12.2576962),
	Vector3.new(-25.4891624, 3.20903921, -12.3320694),
	Vector3.new(-25.9069843, 3.44161797, -12.3657722),
	Vector3.new(-25.9268379, 3.42758727, -11.1165867),
	Vector3.new(-25.547184, 3.20850325, -11.1451902),
	Vector3.new(-25.3468342, 2.50411487, -11.1065645),
	Vector3.new(-25.3349419, 2.34582376, -11.1945953),
	Vector3.new(-25.3328915, 1.98354602, -11.1188698),
	Vector3.new(-25.3433228, 1.73782766, -10.9408598),
	Vector3.new(-25.3522282, 1.54281497, -10.8173695),
	Vector3.new(-25.363636, 1.40948272, -10.5621834),
	Vector3.new(-25.4309464, 1.08048391, -10.5205584),
	Vector3.new(-25.4254246, 1.01603484, -11.453002),
	Vector3.new(-25.3562775, 1.81235182, -11.566762),
	Vector3.new(-25.3434525, 2.22816157, -11.7260904),
	Vector3.new(-25.3376904, 2.58981514, -11.9488659),
	Vector3.new(-25.3591747, 2.61292744, -11.1474552),
	Vector3.new(-25.3598347, 2.61072826, -11.1068993),
	Vector3.new(-25.5482273, 3.20917082, -11.1347027),
	Vector3.new(-25.9153881, 3.4153347, -11.1140766),
	Vector3.new(-26.1313477, 3.50329018, -10.1990442),
	Vector3.new(-25.8962269, 3.47282577, -9.87427139),
	Vector3.new(-25.8575935, 3.47115755, -9.48427868),
	Vector3.new(-25.5909748, 3.26373577, -9.54204178),
	Vector3.new(-25.3782291, 2.69373822, -9.6114502),
	Vector3.new(-25.3633175, 2.46425915, -9.57762432),
	Vector3.new(-25.3121452, 2.1717639, -9.56190109),
	Vector3.new(-25.4081841, 1.57921529, -9.51325893),
	Vector3.new(-25.4557076, 1.06982374, -9.51455593),
	Vector3.new(-25.4524632, 1.00920761, -10.4924278),
	Vector3.new(-25.3691387, 1.37396169, -10.5522118),
	Vector3.new(-25.3693867, 1.3631705, -9.51002789),
	Vector3.new(-25.3057785, 1.52041793, -4.67009735),
	Vector3.new(-25.270422, 1.84688103, -4.39060593),
	Vector3.new(-25.2035618, 2.27060413, -4.37128353),
	Vector3.new(-25.2351017, 2.74756908, -4.26168299),
	Vector3.new(-25.2051392, 2.27841473, -4.37995052),
	Vector3.new(-25.2950344, 2.07045174, -9.54504776),
	Vector3.new(-25.3600616, 2.61122417, -9.62184238),
	Vector3.new(-25.3531437, 2.65169668, -8.84394169),
	Vector3.new(-25.3454952, 2.4874959, -11.0619926),
	Vector3.new(-25.4490547, 2.29320264, -10.9018564),
	Vector3.new(-25.3871613, 2.05393147, -10.6891947),
	Vector3.new(-25.4060764, 1.53697348, -10.4389343),
	Vector3.new(-25.3588257, 1.43301892, -10.481801),
	Vector3.new(-25.3102913, 1.49128056, -4.7068367),
	Vector3.new(-25.2760963, 1.79462707, -4.41735554),
	Vector3.new(-25.235363, 2.78835511, -4.24465084),
	Vector3.new(-25.5704975, 3.6208868, -4.2352562),
	Vector3.new(-26.0086632, 3.84232616, -4.42333984),
	Vector3.new(-25.8495178, 3.48210073, -9.4440918),
	Vector3.new(-25.8525143, 3.57107949, -8.71766567),
	Vector3.new(-26.0945072, 4.11218262, -8.29501343),
	Vector3.new(-26.3542328, 4.47096157, -7.70304537),
	Vector3.new(-26.5927219, 4.81134033, -7.01004171),
	Vector3.new(-26.6414509, 4.88788128, -6.73412848),
	Vector3.new(-26.6931381, 4.94425249, -6.4588623),
	Vector3.new(-26.813343, 5.0144763, -5.36210489),
	Vector3.new(-26.8265247, 4.95789719, -4.57700157),
	Vector3.new(-26.5576916, 4.69275808, -4.48001194),
	Vector3.new(-26.2394829, 4.23834848, -4.42986965),
	Vector3.new(-26.0305271, 3.87686157, -4.42987919),
	Vector3.new(-25.9395638, 3.83546782, -4.38930511),
	Vector3.new(-25.9028797, 3.8972888, -4.13314438),
	Vector3.new(-26.0355492, 4.02230358, -3.52981591),
	Vector3.new(-26.5148811, 4.41877556, -3.65194821),
	Vector3.new(-26.9072685, 4.87876272, -3.83160567),
	Vector3.new(-27.4415569, 5.10025501, -3.98105288),
	Vector3.new(-28.1378345, 5.15154934, -4.02981329),
	Vector3.new(-28.9327621, 5.14298248, -4.01494312),
	Vector3.new(-29.1673584, 5.14160681, -4.01703119),
	Vector3.new(-29.9885559, 5.15479279, -4.0611043),
	Vector3.new(-30.6015244, 5.12950039, -4.00383759),
	Vector3.new(-31.2412376, 4.96741629, -3.92585206),
	Vector3.new(-31.5381546, 4.71260405, -3.78241014),
	Vector3.new(-31.8285561, 4.33166122, -3.66971231),
	Vector3.new(-32.1924019, 3.97084141, -3.55707455),
	Vector3.new(-32.2912254, 3.92397189, -3.47034597),
	Vector3.new(-32.2290916, 3.94686079, -2.2599287),
	Vector3.new(-31.9366341, 3.99290133, 0.633201599),
	Vector3.new(-29.1254826, 3.97706842, 0.842644453),
	Vector3.new(-26.3596668, 3.99601579, 0.714799881),
	Vector3.new(-25.9479465, 3.88439941, -3.21154118),
	Vector3.new(-25.9858093, 3.96104383, -3.42129374),
	Vector3.new(-26.3202724, 4.13271713, -3.56900048),
	Vector3.new(-26.1141777, 4.02501202, -3.43713117),
	Vector3.new(-26.3461227, 3.91598797, -2.73418522),
	Vector3.new(-26.9219398, 4.00554132, -1.35488904),
	Vector3.new(-27.5427723, 4.03946877, -0.575229943),
	Vector3.new(-28.1077862, 4.0510726, -0.158478379),
	Vector3.new(-28.8851452, 4.05263472, 0.0250605345),
	Vector3.new(-29.0270329, 4.0509119, 0.0555227995),
	Vector3.new(-29.6869221, 4.05379295, -0.00904095173),
	Vector3.new(-30.0607986, 4.05263805, -0.127160668),
	Vector3.new(-30.4309063, 4.04859829, -0.334414065),
	Vector3.new(-30.8177395, 4.03512192, -0.710355163),
	Vector3.new(-31.2930832, 4.00116587, -1.4282521),
	Vector3.new(-31.7517204, 3.94730163, -2.33985424),
	Vector3.new(-32.1045341, 3.99761796, -3.2390182),
	Vector3.new(-32.0079575, 4.04099941, -3.58868003),
	Vector3.new(-31.7985401, 4.37455654, -3.67265677),
	Vector3.new(-32.1796074, 3.97732234, -3.53217578),
	Vector3.new(-32.27425, 3.93116307, -3.48000193),
	Vector3.new(-32.2182732, 3.94010115, -2.55190611),
	Vector3.new(-31.8577747, 3.93095112, -2.54800105),
	Vector3.new(-31.2558041, 4.00258017, -1.39871681),
	Vector3.new(-32.1064529, 3.98380542, -1.36031401),
	Vector3.new(-32.0068245, 3.98395658, -0.183407068),
	Vector3.new(-29.4661655, 4.05340862, 0.0100675821),
	Vector3.new(-26.3431625, 3.98668909, -0.00923216343),
	Vector3.new(-26.1617088, 3.98453426, -1.21367955),
	Vector3.new(-26.9516697, 4.0056572, -1.3495543),
	Vector3.new(-26.3666763, 3.92299557, -2.6478107),
	Vector3.new(-26.0447578, 3.94669008, -2.56881475),
	Vector3.new(-25.9542122, 3.88938069, -3.18779707),
	Vector3.new(-26.1158199, 3.98062038, -3.37830019),
	Vector3.new(-26.3619938, 3.91277313, -2.77133465),
	Vector3.new(-26.9462547, 4.00633287, -1.33207691),
	Vector3.new(-27.1211853, 4.03164148, 1.25163293),
	Vector3.new(-28.983345, 4.04312801, 1.38428211),
	Vector3.new(-29.0907707, 4.03921795, 1.36345696),
	Vector3.new(-29.1210613, 4.05455065, 0.0168677568),
	Vector3.new(-29.1085186, 4.03519726, 1.33207083),
	Vector3.new(-30.9698849, 4.03598595, 1.27868223),
	Vector3.new(-31.2600269, 4.00439787, -1.36639249),
	Vector3.new(-32.1133766, 3.98319054, -1.3733561),
	Vector3.new(-31.8789406, 4.00572395, 1.16046095),
	Vector3.new(-29.12994, 4.0390749, 1.3664813),
	Vector3.new(-27.0443211, 4.03485394, 1.24603415),
	Vector3.new(-26.338253, 4.00172377, 1.18899584),
	Vector3.new(-26.3490067, 3.99483967, 0.680160522),
	Vector3.new(-26.3308983, 4.00019646, 1.1802609),
	Vector3.new(-25.8249779, 3.65058374, 1.05189967),
	Vector3.new(-25.6804543, 3.70898819, -0.347223639),
	Vector3.new(-25.529808, 3.63959861, -1.79311478),
	Vector3.new(-25.5148354, 3.60120082, -3.68787718),
	Vector3.new(-25.5636101, 3.61432076, -4.2450037),
	Vector3.new(-25.5078945, 3.61275077, -3.2610476),
	Vector3.new(-25.1333885, 2.82461309, -3.28262115),
	Vector3.new(-25.1439972, 3.05991411, -2.74147606),
	Vector3.new(-25.1357346, 3.12486458, -2.27952695),
	Vector3.new(-25.503706, 3.62474823, -2.26696706),
	Vector3.new(-25.5821056, 3.67337489, -1.18938899),
	Vector3.new(-25.1633568, 2.96939659, -1.2644105),
	Vector3.new(-25.1626244, 2.51568365, -0.822154284),
	Vector3.new(-25.1962929, 2.14226484, -0.629808426),
	Vector3.new(-25.3659019, 0.905964255, -0.480774045),
	Vector3.new(-25.254818, 2.36209679, -0.379123092),
	Vector3.new(-25.4415359, 3.26275849, -0.322044492),
	Vector3.new(-25.682127, 3.70656037, -0.311967731),
	Vector3.new(-25.3317318, 2.87421775, -0.336570501),
	Vector3.new(-25.5424747, 2.70480251, 1.12073278),
	Vector3.new(-25.1373615, 3.09963131, -2.05077982),
	Vector3.new(-25.2800636, 3.02286911, -4.17565775),
	Vector3.new(-25.2391148, 2.00852489, -4.41030836),
	Vector3.new(-25.1588936, 2.03421688, -3.81701493),
	Vector3.new(-25.1114655, 2.68316531, -3.30520916),
	Vector3.new(-25.13591, 3.0256772, -2.80754876),
	Vector3.new(-25.1395092, 3.10297585, -1.94450068),
	Vector3.new(-25.1474323, 2.92594385, -1.3084116),
	Vector3.new(-25.1616058, 2.54328704, -0.854046226),
	Vector3.new(-25.1914845, 2.13077927, -0.598814487),
	Vector3.new(-25.5073185, 1.86638606, 0.984660149),
	Vector3.new(-25.5322151, 1.88117409, 1.08537316),
	Vector3.new(-26.5119705, 1.94535279, 1.3621788),
	Vector3.new(-28.806673, 1.95809567, 1.56293893),
	Vector3.new(-31.1892052, 1.98801088, 1.45402479),
	Vector3.new(-32.6606674, 1.94286799, 1.18908834),
	Vector3.new(-32.6529388, 2.8924489, 1.28514791),
	Vector3.new(-30.4384747, 2.91466212, 1.61521959),
	Vector3.new(-29.5435314, 3.02792764, 1.6349833),
	Vector3.new(-28.7521324, 3.04801321, 1.63184214),
	Vector3.new(-27.8749294, 2.94035673, 1.61471486),
	Vector3.new(-25.6354027, 2.85255694, 1.29751205),
	Vector3.new(-26.1723995, 2.92754865, 1.39373755),
	Vector3.new(-27.8613529, 2.9476347, 1.61201406),
	Vector3.new(-28.7384243, 3.05040789, 1.63128376),
	Vector3.new(-28.7049408, 3.74640083, 1.50916123),
	Vector3.new(-28.6849709, 4.0257659, 1.45877385),
	Vector3.new(-28.7382603, 3.13075709, 1.61745858),
	Vector3.new(-28.7196217, 3.04029226, 1.63282514),
	Vector3.new(-29.4807014, 3.04068661, 1.63345551),
	Vector3.new(-29.4769249, 3.82449937, 1.4969151),
	Vector3.new(-29.5002346, 4.03661346, 1.45837402),
	Vector3.new(-30.3856812, 4.04894352, 1.35848856),
	Vector3.new(-30.3634357, 2.95210552, 1.61475873),
	Vector3.new(-30.361496, 4.04899216, 1.35958457),
	Vector3.new(-27.9984932, 4.02624798, 1.42471313),
	Vector3.new(-27.936512, 3.03965926, 1.59755182),
	Vector3.new(-27.9624176, 3.56718206, 1.49449587),
	Vector3.new(-30.3670273, 3.51112318, 1.49948454),
	Vector3.new(-30.4034386, 2.43045688, 1.60168695),
	Vector3.new(-30.4005699, 2.11285067, 1.56154084),
	Vector3.new(-30.1841774, 2.03642988, 1.55818152),
	Vector3.new(-28.9666653, 1.96458817, 1.56702089),
	Vector3.new(-27.937191, 1.97778726, 1.53226328),
	Vector3.new(-27.7974453, 2.10928702, 1.55514717),
	Vector3.new(-27.7941952, 2.72192597, 1.62454486),
	Vector3.new(-27.872097, 2.9270103, 1.61715484),
	Vector3.new(-27.1310806, 2.91710496, 1.53433585),
	Vector3.new(-27.0970154, 2.00475216, 1.46083331),
	Vector3.new(-26.1210327, 1.90434432, 1.28347611),
	Vector3.new(-26.2237606, 2.8712523, 1.4082706),
	Vector3.new(-27.8278847, 2.96957588, 1.60430455),
	Vector3.new(-27.7897148, 2.13430738, 1.55992675),
	Vector3.new(-27.9088669, 1.98501265, 1.5322082),
	Vector3.new(-30.446909, 1.97875547, 1.52396846),
	Vector3.new(-31.150425, 1.99259937, 1.45998645),
	Vector3.new(-31.1569424, 2.89923239, 1.53393412),
	Vector3.new(-32.145134, 2.90118217, 1.38695717),
	Vector3.new(-32.1738167, 2.08449697, 1.32790375),
	Vector3.new(-32.1470757, 1.97448468, 1.30315137),
	Vector3.new(-32.723938, 1.94332683, 1.13567114),
	Vector3.new(-33.0482941, 1.88584995, -0.545701385),
	Vector3.new(-33.1005592, 2.43673873, -0.827491522),
	Vector3.new(-33.1138, 2.80042696, -1.16423893),
	Vector3.new(-32.6936951, 2.85554147, 1.19079399),
	Vector3.new(-32.6505318, 3.10052562, 1.17942953),
	Vector3.new(-32.3964386, 3.72111678, 1.05549502),
	Vector3.new(-32.6828384, 3.70854354, -1.94088531),
	Vector3.new(-32.7270966, 3.66151857, -3.05003428),
	Vector3.new(-32.7425995, 3.62986708, -3.33891368),
	Vector3.new(-33.1386147, 2.71438622, -3.38947439),
	Vector3.new(-32.5950851, 3.77086687, -3.34926295),
	Vector3.new(-32.3488884, 3.89553618, -3.37956882),
	Vector3.new(-32.2211037, 3.9392767, -2.55388069),
	Vector3.new(-32.5235748, 3.84045887, -2.51422834),
	Vector3.new(-32.647438, 3.74690008, -2.4790349),
	Vector3.new(-32.7014885, 3.6955421, -2.47865343),
	Vector3.new(-32.6436844, 3.73002362, -1.36270726),
	Vector3.new(-32.5321808, 3.83817673, -1.34740996),
	Vector3.new(-32.147892, 3.9800961, -1.36043048),
	Vector3.new(-31.9961109, 3.98559403, -0.223780155),
	Vector3.new(-32.263092, 3.92171121, -0.194193959),
	Vector3.new(-32.4935722, 3.77734756, -0.17350781),
	Vector3.new(-32.447998, 3.71618271, 0.725604057),
	Vector3.new(-32.2695427, 3.88859367, 0.683075428),
	Vector3.new(-31.8833561, 3.99612331, 0.668170691),
	Vector3.new(-32.4361038, 3.7332077, 0.730264187),
	Vector3.new(-32.7112656, 3.06262279, 0.833564997),
	Vector3.new(-32.7538109, 2.12507653, 1.02681589),
	Vector3.new(-32.7371063, 1.89400434, 1.07791495),
	Vector3.new(-33.0383301, 1.8290621, -0.548363686),
	Vector3.new(-32.9502525, 3.02865767, -0.579910278),
	Vector3.new(-32.6738472, 3.62289906, -0.603414416),
	Vector3.new(-32.6058464, 3.71716452, -0.591713309),
	Vector3.new(-32.6871758, 3.70853758, -2.52411151),
	Vector3.new(-33.0918579, 3.17025399, -2.41120958),
	Vector3.new(-33.1194725, 3.05811477, -1.60218608),
	Vector3.new(-33.120266, 2.97220564, -1.3793813),
	Vector3.new(-32.6738358, 3.70134401, -1.3775636),
	Vector3.new(-32.7303085, 3.64520264, -3.29502583),
	Vector3.new(-32.7592659, 3.56365871, -4.15359354),
	Vector3.new(-32.9977493, 2.95889401, -4.16666079),
	Vector3.new(-33.0278854, 2.18364644, -4.23913622),
	Vector3.new(-32.9635925, 1.54224753, -4.58890104),
	Vector3.new(-32.8577423, 1.1142422, -4.90175724),
	Vector3.new(-33.0321007, 2.20883226, -4.21853161),
	Vector3.new(-33.1289368, 2.28001809, -3.66825104),
	Vector3.new(-33.0538025, 2.21074843, -5.50172234),
	Vector3.new(-32.9694099, 2.04333591, -9.41718006),
	Vector3.new(-32.9241028, 2.00788164, -9.81452084),
	Vector3.new(-32.9067383, 1.99417138, -10.6851025),
	Vector3.new(-32.8816566, 2.39785576, -10.9241829),
	Vector3.new(-32.9247932, 2.43113327, -11.090353),
	Vector3.new(-32.9316063, 2.27193475, -11.1348314),
	Vector3.new(-32.9272766, 1.81471825, -11.0414371),
	Vector3.new(-32.9163551, 1.55882609, -10.8037176),
	Vector3.new(-32.8857918, 1.47543454, -10.3430138),
	Vector3.new(-32.8761368, 1.47664285, -10.1150551),
	Vector3.new(-32.972805, 1.60348773, -4.64449692),
	Vector3.new(-33.0306015, 2.1768775, -4.2246027),
	Vector3.new(-32.9803925, 1.66215026, -4.54034519),
	Vector3.new(-32.918499, 1.53789473, -10.7333908),
	Vector3.new(-32.9253769, 1.78166044, -11.0129051),
	Vector3.new(-32.9321404, 2.20380521, -11.1308165),
	Vector3.new(-32.9241562, 2.44045186, -11.1141891),
	Vector3.new(-32.9041595, 2.43836927, -10.9392881),
	Vector3.new(-32.9101906, 2.55017877, -9.2378664),
	Vector3.new(-32.9210129, 2.48018217, -11.1266766),
	Vector3.new(-32.9259453, 2.42451096, -11.8712177),
	Vector3.new(-32.8156242, 3.09570932, -11.8986511),
	Vector3.new(-32.6924248, 3.28408289, -11.9337406),
	Vector3.new(-32.3621826, 3.43682432, -11.9230156),
	Vector3.new(-32.3268471, 3.4470439, -11.1155624),
	Vector3.new(-32.1897621, 3.49895453, -10.1843472),
	Vector3.new(-32.3780327, 3.48304915, -9.66527748),
	Vector3.new(-32.4637222, 3.53402805, -8.74123859),
	Vector3.new(-32.2059784, 4.02132368, -8.32284546),
	Vector3.new(-32.000679, 4.36446047, -7.84481621),
	Vector3.new(-31.7727928, 4.69740105, -7.17600203),
	Vector3.new(-31.6428757, 4.87009096, -6.79277611),
	Vector3.new(-31.5810432, 4.92820644, -6.248209),
	Vector3.new(-31.4569855, 4.97576189, -4.9467721),
	Vector3.new(-31.4840813, 4.90776825, -4.54776669),
	Vector3.new(-32.1631889, 4.01524925, -4.42795944),
	Vector3.new(-32.453289, 3.7568059, -4.37801647),
	Vector3.new(-32.7400932, 3.58454537, -4.17465496),
	Vector3.new(-32.480072, 3.74585843, -4.38260078),
	Vector3.new(-32.188858, 3.99247146, -4.42355776),
	Vector3.new(-31.4973373, 4.90876436, -4.53517723),
	Vector3.new(-31.1044579, 5.12978411, -4.62572384),
	Vector3.new(-30.6769123, 5.19431114, -4.63234282),
	Vector3.new(-27.2162247, 5.14055872, -4.64631367),
	Vector3.new(-26.9822159, 5.06014252, -4.6161561),
	Vector3.new(-26.8039837, 4.93404627, -4.56519318),
	Vector3.new(-26.8238411, 5.02067375, -5.29812479),
	Vector3.new(-26.6514912, 4.90013981, -6.78221703),
	Vector3.new(-27.1139183, 4.97735119, -7.15905666),
	Vector3.new(-28.1029472, 5.03418922, -7.36494541),
	Vector3.new(-29.1554813, 5.04917145, -7.41991425),
	Vector3.new(-30.4719372, 5.027915, -7.33145905),
	Vector3.new(-31.4773521, 4.92782784, -6.99094534),
	Vector3.new(-31.6498375, 4.85994482, -6.84380245),
	Vector3.new(-30.5153885, 5.02352667, -7.32656193),
	Vector3.new(-30.5128613, 5.21934557, -6.19989252),
	Vector3.new(-30.4854145, 5.20551586, -4.63481617),
	Vector3.new(-29.1001968, 5.20454979, -4.63341045),
	Vector3.new(-29.0434113, 5.22079706, -6.22977781),
	Vector3.new(-28.9655876, 5.03641844, -7.43705654),
	Vector3.new(-28.0275383, 5.02077341, -7.37882042),
	Vector3.new(-27.2447357, 5.00640678, -7.18389511),
	Vector3.new(-27.3092632, 5.17701769, -6.18014193),
	Vector3.new(-27.471981, 5.18771696, -4.68846893),
	Vector3.new(-27.2319145, 5.14397287, -4.65581417),
	Vector3.new(-26.9826126, 5.06332064, -4.65012836),
	Vector3.new(-26.8103561, 4.94397831, -4.5991416),
	Vector3.new(-26.8173008, 5.01704454, -5.34062672),
	Vector3.new(-26.752285, 4.9751358, -5.76308393),
	Vector3.new(-27.30056, 5.17792845, -5.85027933),
	Vector3.new(-29.0077496, 5.22251701, -5.93373919),
	Vector3.new(-30.461031, 5.22588825, -5.87554216),
	Vector3.new(-31.2066975, 5.13554621, -5.80035496),
	Vector3.new(-31.4835835, 5.00762177, -5.72518206),
	Vector3.new(-31.6473694, 4.86515045, -6.79452848),
	Vector3.new(-31.4129524, 4.94870806, -7.0284586),
	Vector3.new(-31.6544933, 4.65764046, -7.62465191),
	Vector3.new(-31.9646873, 4.11020517, -8.64578342),
	Vector3.new(-32.1942673, 3.69719481, -9.44866467),
	Vector3.new(-32.0876465, 3.61453247, -9.7009201),
	Vector3.new(-31.4702415, 3.59427834, -10.1147165),
	Vector3.new(-31.0372601, 3.60953283, -10.2658815),
	Vector3.new(-29.1520119, 3.57360435, -10.5024929),
	Vector3.new(-27.0611, 3.60200477, -10.1973124),
	Vector3.new(-26.4285107, 3.57939386, -9.91602135),
	Vector3.new(-26.0965481, 3.65097928, -9.57422066),
	Vector3.new(-26.2017307, 3.85653591, -9.15797424),
	Vector3.new(-26.3974895, 4.2707243, -8.38983536),
	Vector3.new(-26.851984, 4.95281124, -7.01113701),
	Vector3.new(-26.646862, 4.89572239, -6.77099371),
	Vector3.new(-26.8156948, 5.02288437, -5.43398476),
	Vector3.new(-26.8136368, 4.95127869, -4.6376214),
	Vector3.new(-26.8935623, 4.88488579, -3.87146592),
	Vector3.new(-27.4630146, 5.10324287, -3.97459817),
	Vector3.new(-27.4778271, 5.18798256, -4.67864895),
	Vector3.new(-29.133316, 5.2042613, -4.63859463),
	Vector3.new(-29.1199627, 5.14848328, -4.0812273),
	Vector3.new(-29.9482422, 5.15379047, -4.05224895),
	Vector3.new(-30.5772228, 5.12999439, -3.99628329),
	Vector3.new(-30.501545, 5.21655846, -4.79055691),
	Vector3.new(-30.4882946, 5.20572186, -4.6370821),
	Vector3.new(-31.0591469, 5.13682747, -4.62013531),
	Vector3.new(-31.5086765, 4.86532497, -4.55107403),
	Vector3.new(-31.5291405, 4.73105288, -3.81143355),
	Vector3.new(-31.2591362, 4.95955515, -3.92569876),
	Vector3.new(-30.5582733, 5.13307047, -4.01439571),
	Vector3.new(-28.0641975, 5.15032387, -4.01775885),
	Vector3.new(-27.4910202, 5.11177683, -4.00565147),
	Vector3.new(-26.886961, 4.88039827, -3.87580752),
	Vector3.new(-26.0573502, 4.0475812, -3.54674816),
	Vector3.new(-25.9475937, 3.88552308, -3.17864442),
	Vector3.new(-26.0222378, 3.93415546, -2.5641799),
	Vector3.new(-25.5295258, 3.65825939, -2.53593683),
	Vector3.new(-25.5918388, 3.68789005, -1.19958687),
	Vector3.new(-26.1517391, 3.98364258, -1.23040426),
	Vector3.new(-26.2800484, 3.98163414, 0.0288645029),
	Vector3.new(-25.7118263, 3.69271517, 0.0644859076),
	Vector3.new(-25.5270214, 3.65468073, -2.57502651),
	Vector3.new(-25.5474396, 3.60611176, -4.16501331),
	Vector3.new(-25.5747604, 3.24354839, -9.49350834),
	Vector3.new(-25.5511417, 3.54341984, -5.00964785),
	Vector3.new(-25.2648315, 2.84675288, -4.94821787),
	Vector3.new(-25.2112103, 2.2854104, -4.95331526),
	Vector3.new(-25.223238, 2.21859169, -6.30464935),
	Vector3.new(-25.3011818, 2.78921318, -6.29256392),
	Vector3.new(-25.5397377, 3.42297745, -6.28244925),
	Vector3.new(-25.5788918, 3.36388087, -7.62629128),
	Vector3.new(-25.3692303, 2.87819314, -7.64167881),
	Vector3.new(-25.2564564, 2.20186758, -7.72215939),
	Vector3.new(-25.3455524, 1.46463895, -7.76726913),
	Vector3.new(-25.2520809, 2.13434482, -7.74100924),
	Vector3.new(-25.2233353, 2.2222867, -6.26913404),
	Vector3.new(-25.3337116, 1.473912, -6.31027985),
	Vector3.new(-25.2351551, 2.25518417, -6.28808308),
	Vector3.new(-25.2114048, 2.28765869, -4.93252182),
	Vector3.new(-25.2986145, 1.5928576, -4.90770245),
	Vector3.new(-25.2169323, 2.30898356, -4.95316887),
	Vector3.new(-25.5695763, 3.55934358, -5.02958822),
	Vector3.new(-25.5485897, 3.59903717, -4.26867867),
	Vector3.new(-25.9952335, 3.8255744, -4.41873837),
	Vector3.new(-26.7942886, 4.9383173, -4.51991844),
	Vector3.new(-27.365591, 5.16743279, -4.662076),
	Vector3.new(-29.1217346, 5.20406294, -4.63395214),
	Vector3.new(-30.5170193, 5.2029357, -4.62991858),
	Vector3.new(-31.1188374, 5.12523556, -4.61019802),
	Vector3.new(-31.4254379, 4.96912003, -4.55816555),
	Vector3.new(-32.3539658, 3.77657461, -4.38295078),
	Vector3.new(-32.4851608, 3.55505133, -8.66623783),
	Vector3.new(-32.3708496, 3.4798224, -9.70116329),
	Vector3.new(-32.4025497, 3.48286915, -9.47515488),
	Vector3.new(-32.6394501, 3.28634357, -9.72415447),
	Vector3.new(-32.8646812, 2.79393029, -9.87539482),
	Vector3.new(-32.8940697, 2.11745858, -9.81202888),
	Vector3.new(-32.8614502, 1.68832397, -9.78959942),
	Vector3.new(-32.7733116, 0.999961495, -9.66518784),
	Vector3.new(-32.7123909, 0.955727339, -8.55122662),
	Vector3.new(-32.8956795, 1.52628458, -8.49250889),
	Vector3.new(-32.9645004, 2.00784993, -8.47380161),
	Vector3.new(-32.7770615, 3.22588301, -8.48131275),
	Vector3.new(-32.5361824, 3.58167696, -8.53500843),
	Vector3.new(-32.4147606, 3.58209085, -7.34147882),
	Vector3.new(-32.7646103, 3.28178525, -7.27683449),
	Vector3.new(-33.0062675, 2.2691741, -7.31255817),
	Vector3.new(-32.9143791, 1.56064367, -7.44054747),
	Vector3.new(-32.7128983, 0.97465837, -7.55559731),
	Vector3.new(-32.7874908, 1.09382594, -6.28670073),
	Vector3.new(-32.9616585, 1.62278235, -6.14564848),
	Vector3.new(-33.0451508, 2.18040586, -6.05932331),
	Vector3.new(-32.8462296, 3.25337529, -5.93820333),
	Vector3.new(-32.3737946, 3.67696095, -5.91126013),
	Vector3.new(-32.3402634, 3.77010012, -4.70361853),
	Vector3.new(-32.753746, 3.54337502, -4.55183649),
	Vector3.new(-32.9695435, 3.06493998, -4.53392982),
	Vector3.new(-33.0489082, 2.34006763, -4.51552105),
	Vector3.new(-32.9824677, 1.68863392, -4.59664536),
	Vector3.new(-32.9747391, 3.03646636, -4.55703735),
	Vector3.new(-32.8344841, 2.92181563, -9.82111931),
	Vector3.new(-32.9163399, 2.88286614, -12.3105545),
	Vector3.new(-32.9094963, 2.96167111, -12.5372019),
	Vector3.new(-32.8790588, 3.09641027, -13.2157097),
	Vector3.new(-32.6710854, 3.28506327, -13.2156353),
	Vector3.new(-32.354332, 3.37515235, -13.2199163),
	Vector3.new(-32.3061752, 3.25650835, -13.8114405),
	Vector3.new(-32.1749496, 3.07195544, -14.4850407),
	Vector3.new(-32.316349, 3.04427171, -14.5177279),
	Vector3.new(-32.4508018, 2.98199224, -14.593996),
	Vector3.new(-32.4875793, 2.89523125, -14.7623577),
	Vector3.new(-32.7150612, 2.66627002, -14.720273),
	Vector3.new(-32.8439178, 2.11906219, -14.7038412),
	Vector3.new(-32.8506813, 2.0570271, -14.6952438),
	Vector3.new(-32.6413116, 2.08257222, -15.4542723),
	Vector3.new(-32.6776428, 1.59890115, -15.4303827),
	Vector3.new(-32.6586304, 1.20931482, -15.381299),
	Vector3.new(-32.8091774, 1.17541611, -14.8121719),
	Vector3.new(-32.5364532, 1.10064602, -15.7993755),
	Vector3.new(-32.2688789, 1.0761205, -16.3769779),
	Vector3.new(-32.2094002, 0.964392602, -16.4519024),
	Vector3.new(-31.9605446, 0.910117984, -16.6197701),
	Vector3.new(-31.6432629, 0.929591119, -16.7685909),
	Vector3.new(-31.4720001, 0.944002569, -16.8234138),
	Vector3.new(-31.3880405, 1.0661962, -16.8117676),
	Vector3.new(-31.3242321, 1.12040925, -16.8096123),
	Vector3.new(-29.9008808, 0.985366702, -17.0907478),
	Vector3.new(-29.2013111, 0.883385837, -17.195015),
	Vector3.new(-28.3437157, 0.97136426, -17.1030979),
	Vector3.new(-26.8648357, 1.14613128, -16.7829018),
	Vector3.new(-26.8389969, 0.969830215, -16.8308086),
	Vector3.new(-26.6228409, 0.901540399, -16.7771759),
	Vector3.new(-26.3025455, 0.909169257, -16.6190739),
	Vector3.new(-26.0600185, 0.948505223, -16.4580727),
	Vector3.new(-25.9744167, 1.07367575, -16.3453121),
	Vector3.new(-25.7272224, 1.12171757, -15.7871275),
	Vector3.new(-25.4674664, 1.17688799, -14.8559875),
	Vector3.new(-25.6241112, 1.13363039, -15.4635115),
	Vector3.new(-25.5980949, 2.0621295, -15.3776369),
}
