return {
	Vector3.new(-1.4589262008667, 2.6047270298004, 15.004497528076),
	Vector3.new(-1.3309988975525, 3.2904982566833, 14.789912223816),
	Vector3.new(-1.2860131263733, 3.6176290512085, 14.564666748047),
	Vector3.new(-1.2512130737305, 3.9070405960083, 14.210258483887),
	Vector3.new(-1.2362546920776, 4.0085301399231, 13.594165802002),
	Vector3.new(-1.2300324440002, 3.9939892292023, 12.762369155884),
	Vector3.new(-1.2285461425781, 3.9653661251068, 12.025356292725),
	Vector3.new(-1.2346234321594, 3.8648021221161, 11.753328323364),
	Vector3.new(-1.2552800178528, 3.5836915969849, 11.458282470703),
	Vector3.new(-1.296558380127, 3.2234020233154, 11.167097091675),
	Vector3.new(-1.3842997550964, 2.6046824455261, 10.803562164307),
	Vector3.new(-1.4244165420532, 2.3519265651703, 10.690632820129),
	Vector3.new(-1.4201488494873, 2.3373501300812, 9.4686632156372),
	Vector3.new(-1.25355052948, 3.167373418808, 9.6304359436035),
	Vector3.new(-1.2145457267761, 3.4199681282043, 9.6924114227295),
	Vector3.new(-1.2266993522644, 3.4152829647064, 10.647860527039),
	Vector3.new(-1.2149949073792, 3.4198598861694, 9.7069339752197),
	Vector3.new(-1.2215323448181, 3.2202956676483, 9.6703815460205),
	Vector3.new(-1.2609920501709, 3.2245583534241, 10.584553718567),
	Vector3.new(-1.1846165657043, 3.9933998584747, 11.211637496948),
	Vector3.new(-1.1861782073975, 4.3365836143494, 11.736782073975),
	Vector3.new(-1.1895637512207, 4.4448075294495, 12.212968826294),
	Vector3.new(-1.1996326446533, 4.4533071517944, 13.753636360168),
	Vector3.new(-1.2125582695007, 4.3464317321777, 14.302759170532),
	Vector3.new(-1.2340755462646, 4.1586418151855, 14.691171646118),
	Vector3.new(-1.2968783378601, 3.7264144420624, 15.051703453064),
	Vector3.new(-1.4156303405762, 3.7017130851746, 15.315446853638),
	Vector3.new(-1.5273706912994, 3.7246589660645, 15.434755325317),
	Vector3.new(-1.5298924446106, 4.2001914978027, 15.459780693054),
	Vector3.new(-1.5373594760895, 5.0470266342163, 15.472043037415),
	Vector3.new(-1.3537449836731, 5.0224242210388, 15.203251838684),
	Vector3.new(-1.2639098167419, 5.0203065872192, 14.411833763123),
	Vector3.new(-1.2411947250366, 5.0416231155396, 13.000176429749),
	Vector3.new(-1.2399144172668, 5.0255670547485, 9.80495262146),
	Vector3.new(-1.2334289550781, 4.8183941841125, 9.7908458709717),
	Vector3.new(-1.2218418121338, 4.0718445777893, 9.7921895980835),
	Vector3.new(-1.2498230934143, 3.6254103183746, 9.7426853179932),
	Vector3.new(-1.2626323699951, 3.5038483142853, 9.7322998046875),
	Vector3.new(-1.2652132511139, 3.4654412269592, 9.5195636749268),
	Vector3.new(-1.2307801246643, 3.3401029109955, 9.2766418457031),
	Vector3.new(-1.2337690591812, 3.3201155662537, 4.765118598938),
	Vector3.new(-1.4208793640137, 2.3482573032379, 4.8069281578064),
	Vector3.new(-1.4197006225586, 2.3405191898346, 9.4161005020142),
	Vector3.new(-1.3392720222473, 2.9005913734436, 9.5771894454956),
	Vector3.new(-1.3436980247498, 2.8967995643616, 4.8358988761902),
	Vector3.new(-1.3376226425171, 2.9120378494263, 9.5734539031982),
	Vector3.new(-1.3373336791992, 2.9163436889648, 10.928021430969),
	Vector3.new(-1.3375573158264, 2.9176840782166, 9.5547523498535),
	Vector3.new(-1.3445835113525, 2.8941023349762, 4.7731771469116),
	Vector3.new(-1.389491558075, 2.9107248783112, 4.3163466453552),
	Vector3.new(-1.2329621315002, 3.3237159252167, 4.3556232452393),
	Vector3.new(-1.2341297864914, 3.3177025318146, 4.7851619720459),
	Vector3.new(-1.344584941864, 2.8940997123718, 4.792151927948),
	Vector3.new(-1.4192938804626, 2.3768100738525, 4.7998208999634),
	Vector3.new(-1.4217734336853, 2.3321294784546, 4.808180809021),
	Vector3.new(-1.4285418987274, 2.3119649887085, 4.1877646446228),
	Vector3.new(-1.3895416259766, 2.9094915390015, 4.2742319107056),
	Vector3.new(-1.2350764274597, 3.3094561100006, 4.3750400543213),
	Vector3.new(-1.2453026771545, 3.3113415241241, 4.7314348220825),
	Vector3.new(-1.2433624267578, 4.0052609443665, 4.7120079994202),
	Vector3.new(-1.2273178100586, 4.7368259429932, 4.6987934112549),
	Vector3.new(-1.2388515472412, 4.9958276748657, 4.6996140480042),
	Vector3.new(-1.3896360397339, 5.8462858200073, 4.7466659545898),
	Vector3.new(-1.4046201705933, 5.8499293327332, 4.325394153595),
	Vector3.new(-1.388032913208, 5.8413472175598, 4.7519345283508),
	Vector3.new(-2.1595990657806, 7.8747615814209, 4.9667735099792),
	Vector3.new(-2.21906208992, 7.86936378479, 7.6876921653748),
	Vector3.new(-1.7517817020416, 6.7469100952148, 8.6600370407104),
	Vector3.new(-1.4084410667419, 5.8757095336914, 9.389533996582),
	Vector3.new(-1.3477311134338, 5.7225642204285, 9.535888671875),
	Vector3.new(-1.2394304275513, 5.0318946838379, 9.7748107910156),
	Vector3.new(-1.3445619344711, 5.7122368812561, 9.5270652770996),
	Vector3.new(-1.4070699214935, 5.744194984436, 8.3832368850708),
	Vector3.new(-1.358335852623, 5.77996301651, 5.2574939727783),
	Vector3.new(-1.8458287715912, 7.0709748268127, 5.2034916877747),
	Vector3.new(-2.0505423545837, 7.5884113311768, 5.3285627365112),
	Vector3.new(-2.0951738357544, 7.6361489295959, 7.5570559501648),
	Vector3.new(-1.4601581096649, 5.9423909187317, 9.0345125198364),
	Vector3.new(-1.426717042923, 5.8411502838135, 8.991042137146),
	Vector3.new(-1.3814774751663, 5.7562031745911, 8.9221458435059),
	Vector3.new(-1.3111474514008, 5.7975330352783, 7.8180050849915),
	Vector3.new(-1.9501037597656, 7.2688322067261, 7.8264579772949),
	Vector3.new(-1.3095152378082, 5.81693983078, 7.8346500396729),
	Vector3.new(-1.3465723991394, 5.7187161445618, 9.4969072341919),
	Vector3.new(-1.2397727966309, 5.0299682617188, 9.79088306427),
	Vector3.new(-1.2305963039398, 4.9728860855103, 4.8097276687622),
	Vector3.new(-1.2422742843628, 4.9846949577332, 4.6898045539856),
	Vector3.new(-1.2425274848938, 3.327109336853, 4.7070345878601),
	Vector3.new(-1.2326426506042, 3.327645778656, 9.2747259140015),
	Vector3.new(-1.2045578956604, 3.410879611969, 9.7487859725952),
	Vector3.new(-1.229425907135, 3.3892879486084, 10.681739807129),
	Vector3.new(-1.189724445343, 3.9886028766632, 11.187818527222),
	Vector3.new(-1.1811771392822, 4.3176679611206, 11.714538574219),
	Vector3.new(-1.1862988471985, 4.4387698173523, 12.22353553772),
	Vector3.new(-1.1992125511169, 4.4486927986145, 13.774304389954),
	Vector3.new(-1.2144875526428, 4.3626861572266, 14.270147323608),
	Vector3.new(-1.2243967056274, 4.1113991737366, 14.71031665802),
	Vector3.new(-1.2792363166809, 3.7013275623322, 15.027685165405),
	Vector3.new(-1.4463593959808, 3.7004270553589, 15.358406066895),
	Vector3.new(-1.5457050800323, 3.7255439758301, 15.443557739258),
	Vector3.new(-2.8543343544006, 3.716582775116, 15.734424591064),
	Vector3.new(-2.8307647705078, 5.1008014678955, 15.851511955261),
	Vector3.new(-1.5665941238403, 5.0655822753906, 15.486616134644),
	Vector3.new(-1.5106558799744, 5.0335402488708, 15.458089828491),
	Vector3.new(-1.5219075679779, 4.2166318893433, 15.456133842468),
	Vector3.new(-2.8170626163483, 4.2113080024719, 15.8520154953),
	Vector3.new(-2.8281602859497, 3.7029459476471, 15.726560592651),
	Vector3.new(-8.0534343719482, 3.7698411941528, 15.750230789185),
	Vector3.new(-8.0457992553711, 5.0718879699707, 15.850470542908),
	Vector3.new(-9.2543182373047, 5.0520033836365, 15.508333206177),
	Vector3.new(-9.2938222885132, 3.8015546798706, 15.455984115601),
	Vector3.new(-8.1203441619873, 3.7785189151764, 15.745087623596),
	Vector3.new(-9.2735538482666, 3.792076587677, 15.46223449707),
	Vector3.new(-9.2898054122925, 4.2885122299194, 15.491223335266),
	Vector3.new(-8.1804637908936, 4.2326745986938, 15.824898719788),
	Vector3.new(-8.0689325332642, 4.2493319511414, 15.850131988525),
	Vector3.new(-8.0543508529663, 5.0862083435059, 15.848236083984),
	Vector3.new(-2.832585811615, 5.1076068878174, 15.851350784302),
	Vector3.new(-2.9787871837616, 5.1398930549622, 15.853639602661),
	Vector3.new(-2.968827009201, 3.9077506065369, 15.807149887085),
	Vector3.new(-7.9386477470398, 3.8806214332581, 15.798542022705),
	Vector3.new(-7.9046297073364, 5.0024566650391, 15.867840766907),
	Vector3.new(-3.0762212276459, 4.975371837616, 15.872851371765),
	Vector3.new(-2.9679720401764, 4.9666929244995, 15.868285179138),
	Vector3.new(-2.9790439605713, 4.6642026901245, 15.868369102478),
	Vector3.new(-4.104504108429, 4.6767559051514, 15.900770187378),
	Vector3.new(-4.067681312561, 4.9338145256042, 15.909317016602),
	Vector3.new(-4.1020755767822, 4.4504199028015, 15.897455215454),
	Vector3.new(-4.0977478027344, 4.1879940032959, 15.88011932373),
	Vector3.new(-4.1000218391418, 3.9006555080414, 15.842589378357),
	Vector3.new(-5.4832706451416, 3.8660459518433, 15.843489646912),
	Vector3.new(-5.4563145637512, 4.2918362617493, 15.916570663452),
	Vector3.new(-5.7245945930481, 4.3622231483459, 15.918315887451),
	Vector3.new(-5.7603936195374, 4.4552044868469, 15.912522315979),
	Vector3.new(-5.435706615448, 4.5490808486938, 15.923800468445),
	Vector3.new(-5.1603922843933, 4.4680376052856, 15.931829452515),
	Vector3.new(-5.3588652610779, 4.2999639511108, 15.922348976135),
	Vector3.new(-5.1555805206299, 4.4504375457764, 15.935033798218),
	Vector3.new(-4.1133623123169, 4.414324760437, 15.900958061218),
	Vector3.new(-4.0965132713318, 4.7051305770874, 15.899635314941),
	Vector3.new(-7.7709741592407, 4.6885437965393, 15.870722770691),
	Vector3.new(-7.9086046218872, 4.7058515548706, 15.867349624634),
	Vector3.new(-7.9394769668579, 4.4382410049438, 15.866239547729),
	Vector3.new(-5.7841958999634, 4.4450349807739, 15.900491714478),
	Vector3.new(-5.6779861450195, 4.3311996459961, 15.903642654419),
	Vector3.new(-5.4396190643311, 4.2866024971008, 15.899229049683),
	Vector3.new(-5.472797870636, 4.1270179748535, 15.875203132629),
	Vector3.new(-7.9173755645752, 4.1601238250732, 15.856600761414),
	Vector3.new(-7.9322280883789, 3.9116380214691, 15.805318832397),
	Vector3.new(-5.4635148048401, 3.9191524982452, 15.85094833374),
	Vector3.new(-5.4720120429993, 4.1809635162354, 15.883381843567),
	Vector3.new(-4.1221833229065, 4.1840853691101, 15.880474090576),
	Vector3.new(-3.0193510055542, 4.1768531799316, 15.862012863159),
	Vector3.new(-2.9774188995361, 4.4477396011353, 15.868292808533),
	Vector3.new(-4.0322275161743, 4.4284739494324, 15.897964477539),
	Vector3.new(-2.9700918197632, 4.4434952735901, 15.868042945862),
	Vector3.new(-2.8623235225677, 4.2316069602966, 15.861414909363),
	Vector3.new(-1.5417096614838, 4.238872051239, 15.471194267273),
	Vector3.new(-1.5303454399109, 5.023118019104, 15.469415664673),
	Vector3.new(-1.4795534610748, 5.2036423683167, 15.404318809509),
	Vector3.new(-1.4628376960754, 5.3828201293945, 15.1758852005),
	Vector3.new(-1.394889831543, 5.5113973617554, 14.025334358215),
	Vector3.new(-1.3603773117065, 5.6780972480774, 10.798393249512),
	Vector3.new(-1.3536100387573, 5.7364945411682, 9.5866022109985),
	Vector3.new(-1.4018812179565, 5.862781047821, 9.4156274795532),
	Vector3.new(-1.565456867218, 6.0215010643005, 9.7413215637207),
	Vector3.new(-1.6042468547821, 5.5366568565369, 14.50094127655),
	Vector3.new(-1.6733613014221, 5.4370341300964, 15.201211929321),
	Vector3.new(-1.6566498279572, 5.2500395774841, 15.486232757568),
	Vector3.new(-1.6751601696014, 5.084228515625, 15.535585403442),
	Vector3.new(-1.6777424812317, 5.2287826538086, 15.515858650208),
	Vector3.new(-2.820939540863, 5.251923084259, 15.821853637695),
	Vector3.new(-2.8282043933868, 5.5329432487488, 15.457240104675),
	Vector3.new(-2.3738288879395, 5.8959279060364, 10.881107330322),
	Vector3.new(-1.571804523468, 5.7757883071899, 10.61879825592),
	Vector3.new(-2.3674993515015, 5.8951458930969, 10.882280349731),
	Vector3.new(-3.7680625915527, 6.0019149780273, 11.021224975586),
	Vector3.new(-5.8809404373169, 6.0447325706482, 11.065793037415),
	Vector3.new(-7.1358680725098, 5.9993476867676, 10.982068061829),
	Vector3.new(-8.4679803848267, 5.9052329063416, 10.821655273438),
	Vector3.new(-9.2375383377075, 5.7824311256409, 10.681124687195),
	Vector3.new(-9.3512535095215, 6.0548968315125, 9.6405544281006),
	Vector3.new(-8.5212354660034, 7.8805198669434, 7.9295454025269),
	Vector3.new(-7.6645984649658, 8.0215091705322, 8.260594367981),
	Vector3.new(-6.2410998344421, 8.0834608078003, 8.4445657730103),
	Vector3.new(-4.6598691940308, 8.080192565918, 8.4512805938721),
	Vector3.new(-3.6583714485168, 8.0675458908081, 8.3174314498901),
	Vector3.new(-2.9027156829834, 8.0002307891846, 8.1403026580811),
	Vector3.new(-2.3436427116394, 7.8819189071655, 7.9335803985596),
	Vector3.new(-1.8883500099182, 6.7011604309082, 9.1101779937744),
	Vector3.new(-1.7403666973114, 6.1816997528076, 9.6452627182007),
	Vector3.new(-2.3385472297668, 6.0125350952148, 9.9099416732788),
	Vector3.new(-3.1705963611603, 6.1500797271729, 10.190008163452),
	Vector3.new(-4.4355263710022, 6.1893191337585, 10.328079223633),
	Vector3.new(-5.2287831306458, 6.1868414878845, 10.322772026062),
	Vector3.new(-5.9160132408142, 6.2116355895996, 10.452968597412),
	Vector3.new(-7.1290812492371, 6.1201596260071, 10.274152755737),
	Vector3.new(-7.9091305732727, 6.0491700172424, 10.090737342834),
	Vector3.new(-9.3349723815918, 6.0619883537292, 9.6513023376465),
	Vector3.new(-9.2409572601318, 5.7835369110107, 10.65135383606),
	Vector3.new(-9.1971969604492, 5.5667538642883, 14.189195632935),
	Vector3.new(-9.2037048339844, 5.4524931907654, 15.152888298035),
	Vector3.new(-9.2854194641113, 5.2198195457458, 15.476030349731),
	Vector3.new(-9.2783823013306, 5.0300216674805, 15.497735977173),
	Vector3.new(-9.2910308837891, 5.2611093521118, 15.422780990601),
	Vector3.new(-8.0709848403931, 5.2387566566467, 15.817383766174),
	Vector3.new(-7.1298470497131, 5.2526655197144, 15.856292724609),
	Vector3.new(-5.7584524154663, 5.1969795227051, 15.891452789307),
	Vector3.new(-4.3630747795105, 5.2603635787964, 15.869638442993),
	Vector3.new(-2.8809518814087, 5.2591834068298, 15.821701049805),
	Vector3.new(-2.8252213001251, 5.2729740142822, 15.802423477173),
	Vector3.new(-2.8313825130463, 5.5370321273804, 15.447910308838),
	Vector3.new(-5.3271560668945, 5.6898112297058, 15.495189666748),
	Vector3.new(-5.4645051956177, 5.7244186401367, 15.450096130371),
	Vector3.new(-5.4093852043152, 5.934522151947, 13.56463432312),
	Vector3.new(-5.4848470687866, 6.0553450584412, 11.085827827454),
	Vector3.new(-5.4157009124756, 5.9393434524536, 13.497035980225),
	Vector3.new(-5.4681673049927, 5.7529225349426, 15.395536422729),
	Vector3.new(-8.0361976623535, 5.5640640258789, 15.373339653015),
	Vector3.new(-8.4565601348877, 5.9043807983398, 10.842908859253),
	Vector3.new(-8.0473442077637, 5.558849811554, 15.382489204407),
	Vector3.new(-9.2199554443359, 5.4279389381409, 15.214535713196),
	Vector3.new(-8.05726146698, 5.5669431686401, 15.356792449951),
	Vector3.new(-8.0462980270386, 5.3002262115479, 15.763834953308),
	Vector3.new(-8.0670337677002, 5.5628528594971, 15.359230995178),
	Vector3.new(-8.4679279327393, 5.903639793396, 10.840702056885),
	Vector3.new(-8.6356601715088, 6.0732717514038, 10.217885017395),
	Vector3.new(-9.2853527069092, 6.006130695343, 9.7633104324341),
	Vector3.new(-8.6647787094116, 6.0750317573547, 10.188267707825),
	Vector3.new(-8.4711570739746, 5.9045238494873, 10.811182975769),
	Vector3.new(-6.2435531616211, 6.0346827507019, 11.048215866089),
	Vector3.new(-5.1136651039124, 6.0503854751587, 11.051228523254),
	Vector3.new(-3.6448726654053, 5.9906721115112, 11.01010799408),
	Vector3.new(-2.376743555069, 5.8983526229858, 10.867128372192),
	Vector3.new(-2.2549285888672, 5.958206653595, 10.087666511536),
	Vector3.new(-1.6923499107361, 5.9875645637512, 9.8224239349365),
	Vector3.new(-1.5719857215881, 6.0121459960938, 9.7560987472534),
	Vector3.new(-2.2110714912415, 5.9561290740967, 10.071029663086),
	Vector3.new(-2.3595960140228, 5.8866124153137, 10.932928085327),
	Vector3.new(-5.6152420043945, 6.0252618789673, 11.026968002319),
	Vector3.new(-9.1871175765991, 5.7888035774231, 10.746367454529),
	Vector3.new(-9.2157649993896, 5.4652757644653, 15.090132713318),
	Vector3.new(-9.2934894561768, 5.2492709159851, 15.435638427734),
	Vector3.new(-9.2960519790649, 4.9900159835815, 15.489072799683),
	Vector3.new(-9.4849233627319, 4.9821362495422, 15.269859313965),
	Vector3.new(-9.5817909240723, 4.995903968811, 14.600421905518),
	Vector3.new(-9.6123390197754, 4.9983558654785, 11.776737213135),
	Vector3.new(-9.6140785217285, 5.0147271156311, 10.529019355774),
	Vector3.new(-9.6189308166504, 5.040168762207, 9.7225570678711),
	Vector3.new(-9.5510997772217, 5.5861082077026, 9.6834573745728),
	Vector3.new(-9.2108192443848, 6.481885433197, 8.9159841537476),
	Vector3.new(-8.8729600906372, 7.3099880218506, 8.2078037261963),
	Vector3.new(-8.6155405044556, 7.9081974029541, 7.7348737716675),
	Vector3.new(-8.6755132675171, 7.9304485321045, 5.0162682533264),
	Vector3.new(-9.0217885971069, 7.0568466186523, 4.8783330917358),
	Vector3.new(-9.5245056152344, 5.6637187004089, 4.7275800704956),
	Vector3.new(-9.617769241333, 5.014639377594, 4.7098355293274),
	Vector3.new(-9.6168966293335, 5.0049934387207, 9.734522819519),
	Vector3.new(-9.6178512573242, 4.9830241203308, 4.7015776634216),
	Vector3.new(-9.5991287231445, 3.2684307098389, 4.7159452438354),
	Vector3.new(-9.6393575668335, 3.3321678638458, 9.6869926452637),
	Vector3.new(-9.6036586761475, 3.5783853530884, 9.6855726242065),
	Vector3.new(-9.6169338226318, 5.0061082839966, 9.7277698516846),
	Vector3.new(-9.6575717926025, 3.331955909729, 9.6869926452637),
	Vector3.new(-9.62327003479, 3.3396978378296, 10.639453887939),
	Vector3.new(-9.6278162002563, 3.3225827217102, 9.6869926452637),
	Vector3.new(-9.5176315307617, 2.9066469669342, 9.597186088562),
	Vector3.new(-9.4851760864258, 2.6765201091766, 9.5387353897095),
	Vector3.new(-9.4353942871094, 2.3235490322113, 9.4539833068848),
	Vector3.new(-9.4318943023682, 2.3215169906616, 10.600587844849),
	Vector3.new(-9.4332427978516, 2.3111529350281, 9.4599342346191),
	Vector3.new(-9.430401802063, 2.298202753067, 5.9127798080444),
	Vector3.new(-9.4351816177368, 2.3207685947418, 4.8314247131348),
	Vector3.new(-9.4777069091797, 2.8871619701385, 4.7564826011658),
	Vector3.new(-9.6078262329102, 3.233895778656, 4.6983919143677),
	Vector3.new(-9.4808521270752, 2.89879322052, 4.7582688331604),
	Vector3.new(-9.4370708465576, 2.3472204208374, 4.8564257621765),
	Vector3.new(-9.4334993362427, 2.3068027496338, 4.3095536231995),
	Vector3.new(-9.4759044647217, 2.8852508068085, 4.2460808753967),
	Vector3.new(-9.4796504974365, 2.8943483829498, 4.7125897407532),
	Vector3.new(-9.4753751754761, 2.8773596286774, 4.2500891685486),
	Vector3.new(-9.5843563079834, 3.2116312980652, 4.2886219024658),
	Vector3.new(-9.6246871948242, 3.3243279457092, 4.3032550811768),
	Vector3.new(-9.6208381652832, 3.3269195556641, 4.7014303207397),
	Vector3.new(-9.480152130127, 2.8962044715881, 4.7632055282593),
	Vector3.new(-9.518609046936, 2.9136438369751, 9.6598834991455),
	Vector3.new(-9.5193901062012, 2.9187541007996, 10.518558502197),
	Vector3.new(-9.6247787475586, 3.3555281162262, 10.683486938477),
	Vector3.new(-9.6796369552612, 4.1469769477844, 11.395662307739),
	Vector3.new(-9.6777839660645, 4.3934679031372, 12.026366233826),
	Vector3.new(-9.6774311065674, 4.4244718551636, 12.782543182373),
	Vector3.new(-9.6669979095459, 4.4158773422241, 13.703761100769),
	Vector3.new(-9.6559944152832, 4.2785983085632, 14.357307434082),
	Vector3.new(-9.6120166778564, 3.9488861560822, 14.841585159302),
	Vector3.new(-9.5745182037354, 3.7104046344757, 15.03468132019),
	Vector3.new(-9.3855743408203, 3.6673927307129, 15.386610031128),
	Vector3.new(-9.2272281646729, 3.775857925415, 15.434664726257),
	Vector3.new(-9.2805776596069, 3.4386429786682, 15.444076538086),
	Vector3.new(-7.9376282691956, 3.4663417339325, 15.881769180298),
	Vector3.new(-7.4779558181763, 3.4749727249146, 15.94055557251),
	Vector3.new(-3.5373258590698, 3.4771649837494, 15.952194213867),
	Vector3.new(-2.9668853282928, 3.4727606773376, 15.929312705994),
	Vector3.new(-1.4446778297424, 3.4280781745911, 15.502950668335),
	Vector3.new(-1.3736100196838, 3.3028659820557, 15.458394050598),
	Vector3.new(-1.3341188430786, 3.2932527065277, 14.819894790649),
	Vector3.new(-1.3735485076904, 3.3108212947845, 15.458338737488),
	Vector3.new(-1.3870816230774, 2.6521525382996, 15.457103729248),
	Vector3.new(-1.4784832000732, 2.5048079490662, 15.566161155701),
	Vector3.new(-3.2282366752625, 2.3525214195251, 15.931751251221),
	Vector3.new(-5.7338871955872, 2.3765568733215, 15.978151321411),
	Vector3.new(-7.5237331390381, 2.3416397571564, 16.014890670776),
	Vector3.new(-9.4118299484253, 2.4900839328766, 15.486235618591),
	Vector3.new(-9.4862823486328, 2.9870629310608, 15.447993278503),
	Vector3.new(-9.4860706329346, 3.3804779052734, 15.453295707703),
	Vector3.new(-9.3113880157471, 3.4527649879456, 15.430066108704),
	Vector3.new(-9.4836597442627, 3.3923165798187, 15.449316978455),
	Vector3.new(-9.3575553894043, 3.352395772934, 15.750287055969),
	Vector3.new(-7.8012089729309, 3.3387057781219, 16.274572372437),
	Vector3.new(-7.7078046798706, 3.4118657112122, 16.298717498779),
	Vector3.new(-7.5448970794678, 3.8459017276764, 16.259357452393),
	Vector3.new(-7.4071474075317, 3.8876764774323, 16.256658554077),
	Vector3.new(-7.3569946289063, 3.6694912910461, 16.21831703186),
	Vector3.new(-7.3466463088989, 3.5008952617645, 16.195095062256),
	Vector3.new(-7.0569181442261, 3.4272232055664, 16.23032951355),
	Vector3.new(-6.5683584213257, 3.3957114219666, 16.202409744263),
	Vector3.new(-3.6051859855652, 3.4697275161743, 16.309078216553),
	Vector3.new(-3.4745888710022, 3.8653185367584, 16.258968353271),
	Vector3.new(-3.3505482673645, 3.889942407608, 16.25675201416),
	Vector3.new(-3.2429509162903, 3.4912724494934, 16.298515319824),
	Vector3.new(-2.9906673431396, 3.4333245754242, 16.194839477539),
	Vector3.new(-1.5147819519043, 3.3837223052979, 15.742109298706),
	Vector3.new(-1.4953937530518, 3.2775495052338, 15.742495536804),
	Vector3.new(-1.4886736869812, 2.8417294025421, 15.735669136047),
	Vector3.new(-1.8073961734772, 2.7684829235077, 15.878636360168),
	Vector3.new(-3.2094850540161, 2.734304189682, 16.307174682617),
	Vector3.new(-3.2520430088043, 2.3879873752594, 16.283422470093),
	Vector3.new(-3.4805331230164, 2.325076341629, 16.281545639038),
	Vector3.new(-3.5444259643555, 2.8382685184479, 16.343872070313),
	Vector3.new(-4.5494556427002, 2.8310153484344, 16.24684715271),
	Vector3.new(-4.5887126922607, 2.5136985778809, 16.142082214355),
	Vector3.new(-5.7606420516968, 2.5183200836182, 16.122053146362),
	Vector3.new(-6.301628112793, 2.4969618320465, 16.135009765625),
	Vector3.new(-6.3076758384705, 2.8081383705139, 16.246845245361),
	Vector3.new(-7.2826571464539, 2.7908647060394, 16.325496673584),
	Vector3.new(-7.2974185943604, 2.3491225242615, 16.264894485474),
	Vector3.new(-7.6173372268677, 2.34894323349, 16.257461547852),
	Vector3.new(-7.6363563537598, 2.7513470649719, 16.311660766602),
	Vector3.new(-9.3993444442749, 2.7905712127686, 15.671723365784),
	Vector3.new(-9.4758071899414, 2.8084177970886, 15.474801063538),
	Vector3.new(-9.3224811553955, 2.5185444355011, 15.377685546875),
	Vector3.new(-9.3912687301636, 2.5681395530701, 15.05126285553),
	Vector3.new(-9.5346088409424, 3.3453800678253, 14.747583389282),
	Vector3.new(-9.5971546173096, 3.815990447998, 14.380454063416),
	Vector3.new(-9.6079502105713, 3.932005405426, 14.050392150879),
	Vector3.new(-9.6077404022217, 3.9658541679382, 13.57239151001),
	Vector3.new(-9.6314678192139, 4.0112066268921, 12.278506278992),
	Vector3.new(-9.6267127990723, 3.9290614128113, 11.905658721924),
	Vector3.new(-9.6186656951904, 3.7980513572693, 11.566066741943),
	Vector3.new(-9.588152885437, 3.4482047557831, 11.297945022583),
	Vector3.new(-9.531099319458, 2.9924554824829, 10.987810134888),
	Vector3.new(-9.4357013702393, 2.3480961322784, 10.628638267517),
	Vector3.new(-9.5388441085815, 3.0465476512909, 11.025316238403),
	Vector3.new(-9.6191291809082, 3.8143272399902, 11.548917770386),
	Vector3.new(-9.6297378540039, 3.9773333072662, 11.929892539978),
	Vector3.new(-9.6314678192139, 4.0112066268921, 12.278506278992),
	Vector3.new(-9.6096639633179, 3.9493157863617, 14.055603981018),
	Vector3.new(-9.5941886901855, 3.795333147049, 14.404819488525),
	Vector3.new(-9.530855178833, 3.3312568664551, 14.777094841003),
	Vector3.new(-9.4940891265869, 3.3419380187988, 15.120964050293),
	Vector3.new(-9.3712224960327, 3.3366093635559, 15.376459121704),
	Vector3.new(-9.5273685455322, 3.3393592834473, 14.813778877258),
	Vector3.new(-9.5899047851563, 3.7479503154755, 14.399415969849),
	Vector3.new(-9.6076755523682, 3.9319529533386, 14.082447052002),
	Vector3.new(-9.6311569213867, 4.0113611221313, 12.317097663879),
	Vector3.new(-9.6290760040283, 3.9664402008057, 11.928338050842),
	Vector3.new(-9.6157035827637, 3.7556095123291, 11.466957092285),
	Vector3.new(-9.4357271194458, 2.3330714702606, 10.563383102417),
	Vector3.new(-9.4371042251587, 2.3476266860962, 4.8470411300659),
	Vector3.new(-9.43421459198, 2.3092706203461, 4.3397407531738),
	Vector3.new(-9.4724035263062, 2.8360435962677, 4.2635812759399),
	Vector3.new(-9.5862674713135, 3.2459495067596, 4.2861924171448),
	Vector3.new(-9.6142559051514, 3.8443665504456, 4.2936029434204),
	Vector3.new(-9.6022729873657, 5.0210070610046, 4.2965955734253),
	Vector3.new(-9.4695053100586, 5.8233499526978, 4.3410696983337),
	Vector3.new(-8.5950651168823, 7.9873237609863, 4.6348991394043),
	Vector3.new(-8.0231065750122, 8.2281360626221, 4.646547794342),
	Vector3.new(-4.7683863639832, 8.3615198135376, 4.6606616973877),
	Vector3.new(-2.4591903686523, 8.1319065093994, 4.6448082923889),
	Vector3.new(-1.9627182483673, 7.2948694229126, 4.5226893424988),
	Vector3.new(-1.4084944725037, 5.8520994186401, 4.316210269928),
	Vector3.new(-9.4311599731445, 5.8972072601318, 4.2887544631958),
	Vector3.new(-5.5241751670837, 5.8842086791992, 4.2488946914673),
	Vector3.new(-5.4811153411865, 6.0985321998596, 4.2477293014526),
	Vector3.new(-2.6716873645782, 6.1191625595093, 4.2413625717163),
	Vector3.new(-2.4051475524902, 6.1936178207397, 4.2835335731506),
	Vector3.new(-2.6044449806213, 7.8130655288696, 4.5359563827515),
	Vector3.new(-2.8892755508423, 7.9572319984436, 4.5445899963379),
	Vector3.new(-5.4854793548584, 8.0461483001709, 4.5244512557983),
	Vector3.new(-7.9246511459351, 7.9621448516846, 4.5291728973389),
	Vector3.new(-8.0997323989868, 7.8511095046997, 4.5107765197754),
	Vector3.new(-8.2417659759521, 7.6660084724426, 4.4803133010864),
	Vector3.new(-8.4490175247192, 6.3093099594116, 4.2720031738281),
	Vector3.new(-8.2894086837769, 6.0866899490356, 4.2681407928467),
	Vector3.new(-5.5244407653809, 6.101758480072, 4.2549815177917),
	Vector3.new(-5.4901399612427, 5.8800482749939, 4.2490587234497),
	Vector3.new(-1.4106407165527, 5.8449068069458, 4.3062853813171),
	Vector3.new(-1.2384347915649, 5.0526142120361, 4.2706851959229),
	Vector3.new(-1.2715587615967, 4.9965767860413, -7.1538105010986),
	Vector3.new(-1.2389941215515, 5.0448184013367, 4.2635068893433),
	Vector3.new(-1.2359938621521, 3.3033776283264, 4.3644790649414),
	Vector3.new(-1.2270339727402, 3.3403608798981, 0.37965357303619),
	Vector3.new(-1.1923604011536, 3.9723513126373, 0.024924039840698),
	Vector3.new(-1.2028250694275, 4.3241820335388, -0.38635742664337),
	Vector3.new(-1.2005043029785, 4.4932732582092, -1.2746831178665),
	Vector3.new(-1.1830816268921, 4.4596095085144, -2.1643364429474),
	Vector3.new(-1.212944984436, 4.3974094390869, -3.1381959915161),
	Vector3.new(-1.1902523040771, 3.9197618961334, -3.7810859680176),
	Vector3.new(-1.2210826873779, 3.4830865859985, -4.1747736930847),
	Vector3.new(-1.2379064559937, 3.3161220550537, -4.2412791252136),
	Vector3.new(-1.2319445610046, 3.3357448577881, -7.1809601783752),
	Vector3.new(-1.2508759498596, 3.2147874832153, -7.2641382217407),
	Vector3.new(-1.279972076416, 3.0731220245361, -7.3512482643127),
	Vector3.new(-1.3053793907166, 3.0601348876953, -7.7416462898254),
	Vector3.new(-1.6023948192596, 3.0657963752747, -8.0753049850464),
	Vector3.new(-4.2141051292419, 3.0451982021332, -8.0845260620117),
	Vector3.new(-4.6845135688782, 3.0710129737854, -7.699481010437),
	Vector3.new(-6.0937986373901, 3.0685439109802, -7.6691269874573),
	Vector3.new(-6.5096092224121, 3.0247240066528, -8.0679903030396),
	Vector3.new(-9.2497577667236, 3.0481538772583, -8.0804967880249),
	Vector3.new(-9.6034049987793, 3.007622718811, -7.6252684593201),
	Vector3.new(-9.5965518951416, 3.0457215309143, -7.404061794281),
	Vector3.new(-9.5962047576904, 2.5006453990936, -7.402473449707),
	Vector3.new(-9.4935245513916, 2.4863722324371, -7.83633852005),
	Vector3.new(-9.2796497344971, 2.5279386043549, -8.0699892044067),
	Vector3.new(-6.573694229126, 2.5078592300415, -8.0935802459717),
	Vector3.new(-6.4963684082031, 2.4146308898926, -8.0973491668701),
	Vector3.new(-4.0304050445557, 2.451601266861, -8.0893678665161),
	Vector3.new(-1.6235756874084, 2.4793357849121, -8.081805229187),
	Vector3.new(-1.3383469581604, 2.4809627532959, -7.7961444854736),
	Vector3.new(-1.27152967453, 2.501891374588, -7.3559818267822),
	Vector3.new(-1.2664484977722, 3.0510437488556, -7.3792219161987),
	Vector3.new(-1.2699356079102, 2.5074167251587, -7.3632717132568),
	Vector3.new(-1.5159630775452, 2.4860463142395, -8.0170679092407),
	Vector3.new(-3.1990792751312, 2.4658892154694, -8.0845289230347),
	Vector3.new(-4.3401761054993, 2.4432220458984, -8.0918674468994),
	Vector3.new(-4.7816352844238, 2.5464882850647, -7.7909169197083),
	Vector3.new(-6.0842432975769, 2.5556991100311, -7.7671813964844),
	Vector3.new(-6.5223517417908, 2.4897031784058, -8.0904626846313),
	Vector3.new(-6.097092628479, 2.5699529647827, -7.8120594024658),
	Vector3.new(-4.8205647468567, 2.5408387184143, -7.7080764770508),
	Vector3.new(-4.3742237091064, 2.470648765564, -8.0874099731445),
	Vector3.new(-1.5790162086487, 2.4920289516449, -8.0710725784302),
	Vector3.new(-1.3332281112671, 2.5104250907898, -7.7881479263306),
	Vector3.new(-1.2695264816284, 2.5242791175842, -7.3666887283325),
	Vector3.new(-1.2812504768372, 2.6663517951965, -7.3813323974609),
	Vector3.new(-1.2832069396973, 2.6943633556366, -7.1412739753723),
	Vector3.new(-1.4041614532471, 2.4741792678833, -4.1907830238342),
	Vector3.new(-1.3122434616089, 3.1106631755829, -3.8378057479858),
	Vector3.new(-1.244833946228, 3.7085914611816, -3.330283164978),
	Vector3.new(-1.2292265892029, 3.9541959762573, -2.9565453529358),
	Vector3.new(-1.2257342338562, 4.0105142593384, -2.5098595619202),
	Vector3.new(-1.2272672653198, 3.9907758235931, -0.89951264858246),
	Vector3.new(-1.2389984130859, 3.8114504814148, -0.45118355751038),
	Vector3.new(-1.268373966217, 3.4733984470367, -0.25172364711761),
	Vector3.new(-1.3474555015564, 2.872252702713, 0.05272114276886),
	Vector3.new(-1.4264631271362, 2.3335335254669, 0.2372739315033),
	Vector3.new(-1.4294772148132, 2.3097152709961, 4.1398324966431),
	Vector3.new(-1.3486638069153, 3.0851888656616, 4.0874137878418),
	Vector3.new(-1.2712364196777, 3.4619932174683, 4.062695980072),
	Vector3.new(-1.2587738037109, 4.9416904449463, 4.0962944030762),
	Vector3.new(-1.3759498596191, 5.5716028213501, 4.1107506752014),
	Vector3.new(-1.4199995994568, 5.5935282707214, -7.0415987968445),
	Vector3.new(-1.5572144985199, 5.5946388244629, -7.1449370384216),
	Vector3.new(-9.0868854522705, 5.6221442222595, -7.1358914375305),
	Vector3.new(-9.4528541564941, 5.5893149375916, -6.9444808959961),
	Vector3.new(-9.4231386184692, 5.6207857131958, 4.0572242736816),
	Vector3.new(-1.4926187992096, 5.6621375083923, 4.0802731513977),
	Vector3.new(-1.6797358989716, 5.6941742897034, -6.606484413147),
	Vector3.new(-1.775230884552, 5.6730704307556, -7.023181438446),
	Vector3.new(-5.0383148193359, 5.6802616119385, -6.9392108917236),
	Vector3.new(-9.0336503982544, 5.6705989837646, -6.9210252761841),
	Vector3.new(-9.0884418487549, 5.7001738548279, -6.5215935707092),
	Vector3.new(-9.2482128143311, 5.6753520965576, 3.8354616165161),
	Vector3.new(-9.4116640090942, 5.6301441192627, 4.0282492637634),
	Vector3.new(-9.5766534805298, 5.4537758827209, 4.0505003929138),
	Vector3.new(-9.615909576416, 5.0388426780701, 4.0726366043091),
	Vector3.new(-9.5903377532959, 4.9932832717896, -6.8479442596436),
	Vector3.new(-9.5987138748169, 3.5811562538147, -6.8401365280151),
	Vector3.new(-9.5734643936157, 3.5066201686859, -7.2112641334534),
	Vector3.new(-9.133279800415, 3.5335562229156, -7.3273754119873),
	Vector3.new(-9.1137561798096, 4.9326486587524, -7.3085780143738),
	Vector3.new(-9.5218820571899, 4.9652676582336, -7.2100567817688),
	Vector3.new(-9.6011333465576, 5.0081238746643, -6.7607145309448),
	Vector3.new(-9.5381698608398, 4.9358677864075, -7.2369294166565),
	Vector3.new(-9.1587333679199, 4.9141573905945, -7.164927482605),
	Vector3.new(-1.7164378166199, 4.9882726669312, -7.3033332824707),
	Vector3.new(-1.2671866416931, 4.9991726875305, -7.1480298042297),
	Vector3.new(-1.76629114151, 4.9827494621277, -7.2790803909302),
	Vector3.new(-1.7558064460754, 3.4936685562134, -7.2830619812012),
	Vector3.new(-1.317626953125, 3.5406818389893, -7.2339382171631),
	Vector3.new(-1.2608246803284, 3.5316824913025, -6.8894872665405),
	Vector3.new(-1.2742948532104, 4.9809637069702, -6.887216091156),
	Vector3.new(-1.2599139213562, 3.5442616939545, -6.8876848220825),
	Vector3.new(-1.4482405185699, 3.511559009552, -7.2876605987549),
	Vector3.new(-1.6657009124756, 3.5207977294922, -7.3295345306396),
	Vector3.new(-1.6657009124756, 3.5207977294922, -7.3295345306396),
	Vector3.new(-9.1443853378296, 3.535817861557, -7.3270888328552),
	Vector3.new(-9.0799407958984, 4.9173851013184, -7.2901268005371),
	Vector3.new(-7.1738338470459, 4.9265503883362, -7.2887115478516),
	Vector3.new(-9.1129274368286, 4.9604811668396, -7.2568321228027),
	Vector3.new(-9.0701560974121, 3.5074257850647, -7.3215684890747),
	Vector3.new(-9.1046028137207, 3.1510844230652, -7.3323569297791),
	Vector3.new(-1.7323207855225, 3.1436374187469, -7.3312973976135),
	Vector3.new(-1.7377846240997, 3.4809160232544, -7.3354206085205),
	Vector3.new(-1.7189812660217, 3.1361026763916, -7.3302264213562),
	Vector3.new(-1.2897987365723, 3.2063798904419, -7.297191619873),
	Vector3.new(-1.7063543796539, 3.1804540157318, -7.3364853858948),
	Vector3.new(-4.0075817108154, 3.1472198963165, -7.3318066596985),
	Vector3.new(-9.1351003646851, 3.1623768806458, -7.3339614868164),
	Vector3.new(-9.5147504806519, 3.1434504985809, -7.2022614479065),
	Vector3.new(-9.5617961883545, 3.4617681503296, -7.2309417724609),
	Vector3.new(-9.4957504272461, 3.1180515289307, -7.2000155448914),
	Vector3.new(-9.4184188842773, 2.7029268741608, -7.1832432746887),
	Vector3.new(-9.4611625671387, 2.5319747924805, -4.2699279785156),
	Vector3.new(-9.5568828582764, 3.1994187831879, -3.7989683151245),
	Vector3.new(-9.6158504486084, 3.7592277526855, -3.3165655136108),
	Vector3.new(-9.6331348419189, 4.0444617271423, -2.7439260482788),
	Vector3.new(-9.6341915130615, 4.052969455719, -2.2533483505249),
	Vector3.new(-9.6331539154053, 4.044825553894, -0.95400154590607),
	Vector3.new(-9.6219425201416, 3.8717770576477, -0.48962366580963),
	Vector3.new(-9.5811176300049, 3.4030139446259, -0.083950638771057),
	Vector3.new(-9.4847431182861, 2.684464931488, 0.19409430027008),
	Vector3.new(-9.4389324188232, 2.3721313476563, 0.2535080909729),
	Vector3.new(-9.4374656677246, 2.3804986476898, 4.0164136886597),
	Vector3.new(-9.4757423400879, 2.9550096988678, 4.042959690094),
	Vector3.new(-9.6168270111084, 3.2683711051941, 4.0452971458435),
	Vector3.new(-9.6139621734619, 4.9956293106079, 4.0238819122314),
	Vector3.new(-9.6225395202637, 3.2977046966553, 3.9899108409882),
	Vector3.new(-9.6220035552979, 3.3291387557983, 0.32933938503265),
	Vector3.new(-9.6725368499756, 3.9876410961151, -0.020722150802612),
	Vector3.new(-9.6788558959961, 4.2837409973145, -0.49398946762085),
	Vector3.new(-9.6775751113892, 4.4405608177185, -1.1705721616745),
	Vector3.new(-9.6775798797607, 4.4106860160828, -2.8609387874603),
	Vector3.new(-9.6793975830078, 4.2274031639099, -3.2986869812012),
	Vector3.new(-9.6597461700439, 3.7991619110107, -3.9295415878296),
	Vector3.new(-9.5928535461426, 3.2300391197205, -4.2799706459045),
	Vector3.new(-9.6238956451416, 3.3235461711884, -7.1727023124695),
	Vector3.new(-9.5726280212402, 3.5644710063934, -7.2108907699585),
	Vector3.new(-9.6039695739746, 3.6515402793884, -6.9213085174561),
	Vector3.new(-9.5908107757568, 4.953492641449, -6.8449358940125),
	Vector3.new(-9.6179552078247, 5.0386009216309, 3.9542498588562),
	Vector3.new(-9.6089305877686, 5.0513157844543, 4.7220554351807),
	Vector3.new(-9.5355348587036, 5.6204290390015, 4.6907396316528),
	Vector3.new(-8.6606941223145, 7.9681687355042, 5.010262966156),
	Vector3.new(-8.5788545608521, 8.0350036621094, 4.710506439209),
	Vector3.new(-7.6334400177002, 8.2821407318115, 4.7783150672913),
	Vector3.new(-5.065062046051, 8.3715448379517, 4.7169218063354),
	Vector3.new(-2.536746263504, 8.1686096191406, 4.780951499939),
	Vector3.new(-2.3702340126038, 8.1025018692017, 4.789014339447),
	Vector3.new(-2.2304527759552, 8.0166301727295, 4.8093891143799),
	Vector3.new(-2.2251741886139, 7.880322933197, 7.6967639923096),
	Vector3.new(-2.2925460338593, 7.8938412666321, 7.8794674873352),
	Vector3.new(-8.5395221710205, 7.8876571655273, 7.9064712524414),
	Vector3.new(-8.6119241714478, 7.9196853637695, 7.6881122589111),
	Vector3.new(-9.5414714813232, 5.6175622940063, 9.6553564071655),
	Vector3.new(-9.3278427124023, 6.0179033279419, 9.719048500061),
	Vector3.new(-9.1391487121582, 6.0828485488892, 9.7366218566895),
	Vector3.new(-7.8808870315552, 6.0391235351563, 10.108531951904),
	Vector3.new(-6.0146870613098, 6.2066507339478, 10.462572097778),
	Vector3.new(-3.1595034599304, 6.1485824584961, 10.174522399902),
	Vector3.new(-2.3350868225098, 6.0234680175781, 9.9011125564575),
	Vector3.new(-1.7562110424042, 6.1957516670227, 9.6362657546997),
	Vector3.new(-1.428950548172, 5.9263248443604, 9.4438753128052),
}
