return {
	Vector3.new(0, 0, 0),
	Vector3.new(0.859392166, 0, 0.844192028),
	Vector3.new(0.871404648, 0, 3.23124266),
	Vector3.new(-1.87801552, 0, 3.2245822),
	Vector3.new(-2.26678848, 0, 2.89942312),
	Vector3.new(-2.47092628, 0, 2.43958616),
	Vector3.new(-2.44098473, 0, 1.90835905),
	Vector3.new(-2.14775848, 0, 1.51307154),
	Vector3.new(-1.91877365, 0, 1.40811396),
	Vector3.new(-2.63685989, 0, 0.638890743),
	Vector3.new(-2.74352646, 0, 0.65015173),
	Vector3.new(-2.71615028, 0, 1.44782114),
	Vector3.new(-2.72989464, 0, 2.11872435),
	Vector3.new(-2.84525681, 0, 2.54060793),
	Vector3.new(-3.08900452, 0, 2.77976751),
	Vector3.new(-3.45120049, 0, 3.01757383),
	Vector3.new(-3.78129768, 0, 3.14776278),
	Vector3.new(-4.30931854, 0, 3.24613523),
	Vector3.new(-5.12146759, 0, 3.14824247),
	Vector3.new(-5.49171448, 0, 2.85433054),
	Vector3.new(-5.9264183, 0, 2.31125212),
	Vector3.new(-6.02116394, 0, 1.80210733),
	Vector3.new(-5.1275959, 0, 1.76227236),
	Vector3.new(-3.61142921, 0, 1.77433252),
	Vector3.new(-3.5961113, 0, 2.03241873),
	Vector3.new(-4.02258873, 0, 2.35545874),
	Vector3.new(-4.84090424, 0, 2.31556463),
	Vector3.new(-5.15804482, 0, 1.80105925),
	Vector3.new(-5.19879723, 0, 1.76883745),
	Vector3.new(-6.01337242, 0, 1.8005023),
	Vector3.new(-6.03514099, 0, 0.800807476),
	Vector3.new(-6.24039841, 0, 0.803124905),
	Vector3.new(-6.27084923, 0, 3.21693277),
	Vector3.new(-7.03907394, 0, 3.23979044),
	Vector3.new(-8.69832039, 0, 1.63029146),
	Vector3.new(-8.73159599, 0, 3.48393965),
	Vector3.new(-9.5446043, 0, 2.71048784),
	Vector3.new(-9.54429531, 0, 0.361880779),
	Vector3.new(-9.75106812, 0, 0.843049526),
	Vector3.new(-9.74625015, 0, 3.20562887),
	Vector3.new(-12.1230736, 0, 3.1984601),
	Vector3.new(-12.3428164, 0, 3.11690378),
	Vector3.new(-12.5903893, 0, 2.84773874),
	Vector3.new(-12.8285809, 0, 2.52321863),
	Vector3.new(-13.0596828, 0, 2.17517519),
	Vector3.new(-13.2124023, 0, 2.1404624),
	Vector3.new(-13.7928267, 0, 3.0337224),
	Vector3.new(-14.2438946, 0, 3.25925684),
	Vector3.new(-15.4853554, 0, 3.20778704),
	Vector3.new(-16.1839771, 0, 2.76421595),
	Vector3.new(-16.5548401, 0, 2.26243925),
	Vector3.new(-15.6102076, 0, 1.97994471),
	Vector3.new(-15.2886124, 0, 2.32233572),
	Vector3.new(-14.4937706, 0, 2.35144663),
	Vector3.new(-14.2758379, 0, 2.2561965),
	Vector3.new(-14.0844841, 0, 2.03975916),
	Vector3.new(-14.0377226, 0, 1.66422987),
	Vector3.new(-14.2844982, 0, 1.31266069),
	Vector3.new(-14.4996691, 0, 1.18023157),
	Vector3.new(-15.2817287, 0, 1.20845175),
	Vector3.new(-15.5495596, 0, 1.41662931),
	Vector3.new(-15.6433182, 0, 1.62803602),
	Vector3.new(-15.6030102, 0, 1.96128321),
	Vector3.new(-16.5452843, 0, 2.26616907),
	Vector3.new(-16.7223396, 0, 2.28809595),
	Vector3.new(-16.7407837, 0, 0.819464207),
	Vector3.new(-16.733057, 0, 2.26108885),
	Vector3.new(-16.7351189, 0, 3.25276327),
	Vector3.new(-19.4449387, 0, 3.22772264),
	Vector3.new(-19.6445045, 0, 3.05503988),
	Vector3.new(-19.7897224, 0, 2.9108882),
	Vector3.new(-19.9654236, 0, 2.66195059),
	Vector3.new(-20.0266895, 0, 2.40331602),
	Vector3.new(-20.054388, 0, 2.10987806),
	Vector3.new(-20.0008602, 0, 1.88260221),
	Vector3.new(-19.7809048, 0, 1.60220957),
	Vector3.new(-20.2619991, 0, 1.58833742),
	Vector3.new(-20.3048668, 0, 3.21530676),
	Vector3.new(-26.5011635, 0, 3.26096392),
	Vector3.new(-26.8498917, 0, 3.00695372),
	Vector3.new(-27.1465759, 0, 2.54972982),
	Vector3.new(-27.1278191, 0, 2.00554609),
	Vector3.new(-26.9097748, 0, 1.59271193),
	Vector3.new(-26.5760727, 0, 1.40604353),
	Vector3.new(-27.3017845, 0, 0.707502842),
	Vector3.new(-27.772583, 0, 1.14994669),
	Vector3.new(-29.839941, 0, 1.15890265),
	Vector3.new(-29.8272972, 0, 1.34710741),
	Vector3.new(-28.037468, 0, 1.36216116),
	Vector3.new(-27.7778587, 0, 1.52183676),
	Vector3.new(-27.4113045, 0, 1.97927523),
	Vector3.new(-27.4517212, 0, 2.57782412),
	Vector3.new(-28.0678501, 0, 3.2375226),
	Vector3.new(-31.0571003, 0, 3.22385931),
	Vector3.new(-33.2325058, 0, 3.2231946),
	Vector3.new(-33.6038895, 0, 2.9799695),
	Vector3.new(-33.9945793, 0, 2.64436102),
	Vector3.new(-34.2061005, 0, 2.22068071),
	Vector3.new(-34.2801132, 0, 1.62515497),
	Vector3.new(-33.3929482, 0, 1.53546286),
	Vector3.new(-33.4076538, 0, 1.97924185),
	Vector3.new(-33.1181259, 0, 2.29470968),
	Vector3.new(-32.4025879, 0, 2.32697916),
	Vector3.new(-31.9712715, 0, 2.14930868),
	Vector3.new(-31.802578, 0, 1.81498098),
	Vector3.new(-31.8273487, 0, 1.60561514),
	Vector3.new(-32.0245781, 0, 1.31525564),
	Vector3.new(-32.2807617, 0, 1.16531324),
	Vector3.new(-32.9485397, 0, 1.14374304),
	Vector3.new(-33.1131516, 0, 1.22356176),
	Vector3.new(-33.3787537, 0, 1.54364443),
	Vector3.new(-34.2817459, 0, 1.61698103),
	Vector3.new(-34.1374969, 0, 1.11892462),
	Vector3.new(-33.8705406, 0, 0.82454443),
	Vector3.new(-33.5975494, 0, 0.55530405),
	Vector3.new(-34.5080185, 0, 0.329371929),
	Vector3.new(-34.4947281, 0, 1.54084444),
	Vector3.new(-34.7643623, 0, 1.88113928),
	Vector3.new(-35.0666733, 0, 2.12384844),
	Vector3.new(-35.8760147, 0, 2.20460653),
	Vector3.new(-36.8491211, 0, 2.20240164),
	Vector3.new(-36.9289932, 0, 2.35510969),
	Vector3.new(-34.9053345, 0, 2.36962938),
	Vector3.new(-34.10989, 0, 3.18020201),
	Vector3.new(-37.2954483, 0, 3.17186308),
	Vector3.new(-37.5340042, 0, 2.95074511),
	Vector3.new(-37.7240372, 0, 2.6579318),
	Vector3.new(-37.7908974, 0, 2.32289553),
	Vector3.new(-37.7941589, 0, 2.02278566),
	Vector3.new(-37.651825, 0, 1.7499814),
	Vector3.new(-37.4414482, 0, 1.552917),
	Vector3.new(-37.1231461, 0, 1.34300852),
	Vector3.new(-35.3873405, 0, 1.31780958),
	Vector3.new(-35.3778954, 0, 1.19743872),
	Vector3.new(-37.3845482, 0, 1.15139341),
	Vector3.new(-38.1549759, 0, 0.341013432),
	Vector3.new(-39.2190514, 0, 0.300220013),
	Vector3.new(-38.6473732, 0, 0.505012989),
	Vector3.new(-38.1588211, 0, 1.09177637),
	Vector3.new(-38.0469666, 0, 1.54505396),
	Vector3.new(-38.0702209, 0, 2.36401987),
	Vector3.new(-38.5526695, 0, 2.97761679),
	Vector3.new(-39.1462173, 0, 3.18670607),
	Vector3.new(-40.3962936, 0, 3.14048243),
	Vector3.new(-40.7661972, 0, 2.95655394),
	Vector3.new(-41.0592308, 0, 2.66729784),
	Vector3.new(-41.247467, 0, 2.41181517),
	Vector3.new(-41.3739014, 0, 1.771523),
	Vector3.new(-41.3132248, 0, 1.38521338),
	Vector3.new(-41.0046844, 0, 0.715047359),
	Vector3.new(-40.2962646, 0, 0.301731586),
	Vector3.new(-40.2142105, 0, 1.20201826),
	Vector3.new(-40.4044075, 0, 1.51472521),
	Vector3.new(-40.487793, 0, 1.87677526),
	Vector3.new(-40.3969879, 0, 2.07033491),
	Vector3.new(-40.1711197, 0, 2.29552126),
	Vector3.new(-39.859848, 0, 2.37688971),
	Vector3.new(-39.391304, 0, 2.33160639),
	Vector3.new(-39.0414047, 0, 2.20936251),
	Vector3.new(-38.9178581, 0, 1.99540377),
	Vector3.new(-38.8888893, 0, 1.712749),
	Vector3.new(-38.9525681, 0, 1.51819181),
	Vector3.new(-39.1395111, 0, 1.27966166),
	Vector3.new(-39.4656105, 0, 1.17553091),
	Vector3.new(-40.1590004, 0, 1.18208265),
	Vector3.new(-40.2905464, 0, 0.31359148),
	Vector3.new(-41.6479492, 0, 0.306538105),
	Vector3.new(-41.6165352, 0, 1.46958208),
	Vector3.new(-41.6824722, 0, 1.67900324),
	Vector3.new(-41.8984756, 0, 1.98321486),
	Vector3.new(-42.2329865, 0, 2.12128305),
	Vector3.new(-44.0096817, 0, 2.16381788),
	Vector3.new(-43.9987717, 0, 2.34400606),
	Vector3.new(-41.9915047, 0, 2.37323523),
	Vector3.new(-41.1658249, 0, 3.20792913),
	Vector3.new(-42.533699, 0, 3.21630526),
	Vector3.new(-44.2931824, 0, 3.15892935),
	Vector3.new(-44.619976, 0, 2.92743921),
	Vector3.new(-44.9099312, 0, 2.50249338),
	Vector3.new(-44.9029236, 0, 2.18362665),
	Vector3.new(-44.7396889, 0, 1.59435511),
	Vector3.new(-44.2298889, 0, 1.32602453),
	Vector3.new(-42.4258194, 0, 1.31769228),
	Vector3.new(-42.4657288, 0, 1.15845633),
	Vector3.new(-44.5183258, 0, 1.16652918),
	Vector3.new(-45.2692375, 0, 0.395074368),
	Vector3.new(-46.0950165, 0, 0.365098476),
	Vector3.new(-45.5307961, 0, 0.739680767),
	Vector3.new(-45.0807953, 0, 1.63258219),
	Vector3.new(-45.2192612, 0, 2.18369627),
	Vector3.new(-45.806797, 0, 3.05339575),
	Vector3.new(-46.5803909, 0, 3.21199465),
	Vector3.new(-47.5641594, 0, 3.15967035),
	Vector3.new(-48.1067543, 0, 2.70941591),
	Vector3.new(-48.4456749, 0, 2.22353792),
	Vector3.new(-48.4950943, 0, 1.50093508),
	Vector3.new(-47.3010216, 0, 1.20792627),
	Vector3.new(-46.4513702, 0, 1.15870142),
	Vector3.new(-46.0782051, 0, 1.44520998),
	Vector3.new(-45.9901505, 0, 1.86742067),
	Vector3.new(-46.2516441, 0, 2.32848883),
	Vector3.new(-46.7968369, 0, 2.39173174),
	Vector3.new(-47.4835472, 0, 2.18652582),
	Vector3.new(-47.632988, 0, 1.70556688),
	Vector3.new(-47.4886742, 0, 1.25261927),
	Vector3.new(-48.4827118, 0, 1.48554468),
	Vector3.new(-47.9575691, 0, 0.56124258),
	Vector3.new(-46.9575806, 0, 0.316953182),
	Vector3.new(-45.9714546, 0, 0.370210171),
	Vector3.new(-45.2867355, 0, 0.372036457),
	Vector3.new(-41.6406631, 0, 0.32649374),
	Vector3.new(-40.3003311, 0, 0.248878002),
	Vector3.new(-38.956562, 0, 0.279716015),
	Vector3.new(-34.5088882, 0, 0.33676672),
	Vector3.new(-33.6240463, 0, 0.568833828),
	Vector3.new(-33.2337761, 0, 0.357665539),
	Vector3.new(-32.0222054, 0, 0.362486362),
	Vector3.new(-31.5786247, 0, 0.562483311),
	Vector3.new(-31.0717907, 0, 1.16008902),
	Vector3.new(-30.935585, 0, 2.0597043),
	Vector3.new(-31.1730423, 0, 2.62634516),
	Vector3.new(-31.8824043, 0, 3.13926172),
	Vector3.new(-31.0421753, 0, 3.19010973),
	Vector3.new(-30.2471199, 0, 2.33313417),
	Vector3.new(-28.3543777, 0, 2.35005236),
	Vector3.new(-28.2895184, 0, 2.23634195),
	Vector3.new(-30.0960312, 0, 2.15286684),
	Vector3.new(-30.3324718, 0, 1.98548269),
	Vector3.new(-30.5963554, 0, 1.75547457),
	Vector3.new(-30.7246284, 0, 1.2697053),
	Vector3.new(-30.7226677, 0, 0.927705288),
	Vector3.new(-30.3233566, 0, 0.43968153),
	Vector3.new(-29.9088211, 0, 0.370262623),
	Vector3.new(-26.4357338, 0, 0.317226887),
	Vector3.new(-25.6061115, 0, 1.14942789),
	Vector3.new(-24.7695236, 0, 1.96720457),
	Vector3.new(-24.7174034, 0, 2.3544383),
	Vector3.new(-26.2986622, 0, 2.3476491),
	Vector3.new(-26.3273506, 0, 2.19951963),
	Vector3.new(-24.8395119, 0, 2.19004774),
	Vector3.new(-24.711544, 0, 2.19764853),
	Vector3.new(-24.7100372, 0, 0.0781097412),
	Vector3.new(-23.849247, 0, 0.828539371),
	Vector3.new(-23.8532791, 0, 2.9423337),
	Vector3.new(-23.2832546, 0, 2.43096113),
	Vector3.new(-21.2113838, 0, 2.36679506),
	Vector3.new(-21.1807232, 0, 2.1591258),
	Vector3.new(-23.1778355, 0, 2.21458197),
	Vector3.new(-23.1729813, 0, 1.33303213),
	Vector3.new(-21.153677, 0, 1.31415129),
	Vector3.new(-21.1490116, 0, 1.16224146),
	Vector3.new(-23.5939445, 0, 1.1185441),
	Vector3.new(-23.6283016, 0, 0.345551968),
	Vector3.new(-20.3463707, 0, 0.357973576),
	Vector3.new(-20.2874641, 0, 1.58327055),
	Vector3.new(-19.7529049, 0, 1.62132788),
	Vector3.new(-19.4954643, 0, 1.41161489),
	Vector3.new(-19.2204418, 0, 1.3072114),
	Vector3.new(-17.7129917, 0, 1.30933142),
	Vector3.new(-17.5888805, 0, 2.15401983),
	Vector3.new(-17.6095028, 0, 2.31640291),
	Vector3.new(-19.1498909, 0, 2.3665185),
	Vector3.new(-19.1629429, 0, 2.24300241),
	Vector3.new(-17.6665802, 0, 2.1663909),
	Vector3.new(-17.6992226, 0, 1.32615519),
	Vector3.new(-17.6036453, 0, 0.0286531448),
	Vector3.new(-16.7180119, 0, 0.812201023),
	Vector3.new(-16.7299042, 0, 2.32864523),
	Vector3.new(-16.4709129, 0, 2.22378778),
	Vector3.new(-16.506279, 0, 1.44341803),
	Vector3.new(-16.3213768, 0, 0.997953892),
	Vector3.new(-15.935956, 0, 0.643653393),
	Vector3.new(-15.4331017, 0, 0.380650997),
	Vector3.new(-14.8624067, 0, 0.296275616),
	Vector3.new(-14.1455154, 0, 0.378963947),
	Vector3.new(-13.6251793, 0, 0.72627306),
	Vector3.new(-13.2336559, 0, 1.39491796),
	Vector3.new(-13.1403313, 0, 2.07610655),
	Vector3.new(-13.0888014, 0, 1.37485456),
	Vector3.new(-12.9087029, 0, 1.07854223),
	Vector3.new(-12.5531778, 0, 0.632223606),
	Vector3.new(-11.8873014, 0, 0.264317036),
	Vector3.new(-11.4798355, 0, 0.329006672),
	Vector3.new(-10.7800961, 0, 1.07470846),
	Vector3.new(-11.6559868, 0, 1.18603468),
	Vector3.new(-11.9301271, 0, 1.26529264),
	Vector3.new(-12.2633095, 0, 1.78986979),
	Vector3.new(-12.1358585, 0, 2.1086812),
	Vector3.new(-11.8834848, 0, 2.35393286),
	Vector3.new(-11.1202326, 0, 2.36525869),
	Vector3.new(-10.5901012, 0, 2.31891584),
	Vector3.new(-10.637394, 0, 0.0697555542),
	Vector3.new(-9.8045063, 0, 0.886840343),
	Vector3.new(-9.54111767, 0, 0.33608675),
	Vector3.new(-8.69279003, 0, 0.37214613),
	Vector3.new(-7.15660095, 0, 1.84183741),
	Vector3.new(-7.12043762, 0, 0.0352134705),
	Vector3.new(-6.20778656, 0, 0.836829662),
	Vector3.new(-6.0312748, 0, 0.79510355),
	Vector3.new(-5.28724289, 0, 0.0207471848),
	Vector3.new(-5.15915489, 0, 0.839165211),
	Vector3.new(-3.5629406, 0, 0.889301777),
	Vector3.new(-3.51129913, 0, 0.365073681),
	Vector3.new(-1.71487427, 0, 0.303406239),
	Vector3.new(0.00957489014, 0, 1.97820711),
	Vector3.new(-0.0235099792, 0, 2.37575865),
	Vector3.new(-1.58252716, 0, 2.36736631),
	Vector3.new(-1.59638596, 0, 2.26783514),
	Vector3.new(-0.054107666, 0, 2.24509764),
	Vector3.new(-0.0255508423, 0, 0.0529718399)
}
