return {
    Vector3.new(0, 0, 0),
    Vector3.new(7.60622215, 0, -0.0959005356),
    Vector3.new(7.80537891, 0, 4.79425907),
    Vector3.new(3.53697753, 0, 4.70575428),
    Vector3.new(7.51927471, 0, 8.09428406),
    Vector3.new(4.57807875, 0, 9.90913963),
    Vector3.new(1.65817046, 0, 6.67639732),
    Vector3.new(1.74779701, 0, 10.114315),
    Vector3.new(-2.38388848, 0, 9.97874641),
    Vector3.new(-0.00789785385, 0, -0.153700829),
    Vector3.new(-0.00790381432, 0, 0.0216798782),
    Vector3.new(0.764347076, 0, 1.32406712),
    Vector3.new(0.990224838, 0, 3.65323734),
    Vector3.new(5.97042179, 0, 3.56253052),
    Vector3.new(6.01744175, 0, 0.850123405),
    Vector3.new(0.763252497, 0, 1.37853432)
}
