return {
	Vector3.new(0, 0, 0),
	Vector3.new(0.0132081509, 0.0584959984, 0.166923523),
	Vector3.new(-0.419849873, 0.0508937836, 0.183880806),
	Vector3.new(-0.623231888, 0.164048672, 0.516830444),
	Vector3.new(-0.837083936, 0.315887451, 1.07546806),
	Vector3.new(-1.05468071, 0.46280098, 1.8677721),
	Vector3.new(-1.18749499, 0.604903221, 3.04055595),
	Vector3.new(-1.31956911, 0.704107761, 4.29706955),
	Vector3.new(-1.44174027, 0.709977627, 4.54339123),
	Vector3.new(-2.31635952, 0.660065651, 4.94056892),
	Vector3.new(-2.76221371, 0.62825346, 5.25353336),
	Vector3.new(-3.05078316, 0.598978519, 5.55215168),
	Vector3.new(-3.14841175, 0.522542953, 5.0629158),
	Vector3.new(-3.16342688, 0.432498455, 4.32683372),
	Vector3.new(-3.14550543, 0.264107227, 2.74170971),
	Vector3.new(-3.06409693, -0.113438129, 0.42623806),
	Vector3.new(-1.88955092, -0.063136816, 0.1720438),
	Vector3.new(-0.207691312, -0.00164556503, 0.0142993927),
	Vector3.new(0.0252369642, -0.0139324665, -0.0128650665),
	Vector3.new(0.0018684864, 0.0620064735, 0.177828789),
	Vector3.new(0.533159137, 0.058839798, 0.20112133),
	Vector3.new(0.901942372, 0.281946182, 0.920649529),
	Vector3.new(1.02327454, 0.42031002, 1.5124588),
	Vector3.new(1.30659306, 0.589686394, 2.87213326),
	Vector3.new(1.38738787, 0.694574356, 4.05827332),
	Vector3.new(1.59889495, 0.708617687, 4.52906895),
	Vector3.new(2.06592989, 0.685658455, 4.76048756),
	Vector3.new(2.65574074, 0.647905827, 5.06412983),
	Vector3.new(3.15312481, 0.603956699, 5.50224876),
	Vector3.new(3.19608641, 0.598940849, 5.55096626),
	Vector3.new(3.32226515, 0.444342136, 5.07358456),
	Vector3.new(3.30628633, 0.400694847, 4.49518871),
	Vector3.new(3.27071905, 0.278838634, 2.78119659),
	Vector3.new(3.21251917, 0.0709013939, 1.13516998),
	Vector3.new(3.16757107, -0.120214939, 0.377090454),
	Vector3.new(0.938863397, -0.0176696777, 0.0564022064),
	Vector3.new(-0.0247528553, -0.0123331547, -0.00621700287),
	Vector3.new(0.55961287, -0.00955843925, 0.0236120224),
	Vector3.new(0.538049817, 0.0781507492, 0.254013062),
	Vector3.new(0.735270858, 0.090675354, 0.314903259),
	Vector3.new(1.05355203, 0.1879673, 0.661336899),
	Vector3.new(1.3953892, 0.287322044, 1.37525082),
	Vector3.new(1.77365649, 0.513135433, 3.61780357),
	Vector3.new(1.73622859, 0.551640034, 3.9793272),
	Vector3.new(2.08751297, 0.577092648, 4.35332203),
	Vector3.new(2.82635307, 0.542814732, 4.63530159),
	Vector3.new(3.28066778, 0.488902569, 4.92665195),
	Vector3.new(3.27635145, 0.334980488, 3.47201157),
	Vector3.new(3.06800032, 0.370465279, 3.55849361),
	Vector3.new(2.98428583, 0.292647839, 2.322052),
	Vector3.new(2.85217428, 0.257958889, 1.83594704),
	Vector3.new(2.54488516, 0.259143353, 1.63919926),
	Vector3.new(1.9890672, 0.27589798, 1.50290394),
	Vector3.new(1.81196654, 0.291294575, 1.54006004),
	Vector3.new(1.81183136, 0.315072536, 1.72725391),
	Vector3.new(1.80630314, 0.416752815, 2.69727707),
	Vector3.new(1.79511011, 0.508033276, 3.58888245),
	Vector3.new(1.40628874, 0.638417721, 3.46445084),
	Vector3.new(-1.17084384, 0.648146152, 3.40314484),
	Vector3.new(-1.45229232, 0.545229912, 3.35341072),
	Vector3.new(-1.73421347, 0.479533672, 3.38641167),
	Vector3.new(-1.67428124, 0.375738621, 2.2441206),
	Vector3.new(-1.64497554, 0.308362007, 1.66282272),
	Vector3.new(-1.67066431, 0.288260937, 1.51885891),
	Vector3.new(-1.82977295, 0.271873474, 1.47612381),
	Vector3.new(-2.21196842, 0.265185833, 1.58956814),
	Vector3.new(-2.66219807, 0.261734486, 1.82021046),
	Vector3.new(-2.7420373, 0.279810905, 2.08790016),
	Vector3.new(-2.87246132, 0.313542843, 2.6357832),
	Vector3.new(-2.97766399, 0.363156319, 3.54859734),
	Vector3.new(-3.17077541, 0.460416794, 4.5663681),
	Vector3.new(-3.15402651, 0.519677162, 5.04428291),
	Vector3.new(-2.4970355, 0.561502934, 4.57894897),
	Vector3.new(-1.90522778, 0.579744339, 4.34793377),
	Vector3.new(-1.58862531, 0.564619064, 4.11287594),
	Vector3.new(-1.5594449, 0.503299236, 3.54773045),
	Vector3.new(-1.49421751, 0.457078934, 2.91071701),
	Vector3.new(-1.41844237, 0.351993561, 1.900424),
	Vector3.new(-1.22379673, 0.281977177, 1.30022907),
	Vector3.new(-1.00290847, 0.222601414, 0.824814796),
	Vector3.new(-0.634015143, 0.14046669, 0.455179214),
	Vector3.new(-0.454767108, 0.0480861664, 0.180829048),
	Vector3.new(-0.448072791, 0.000655889511, 0.0519142151),
	Vector3.new(-0.00569295883, 0.00685787201, 0.0165548325),
	Vector3.new(0.609044433, -0.00624322891, 0.0356216431),
	Vector3.new(3.136374, -0.12033844, 0.36406517),
	Vector3.new(3.23621464, 0.0822768211, 1.21291924),
	Vector3.new(3.27672148, 0.334348202, 3.46463013),
	Vector3.new(3.08249903, 0.369191647, 3.56559849),
	Vector3.new(3.24632931, 0.439807892, 4.49293232),
	Vector3.new(3.00462437, 0.325685501, 2.79543877),
	Vector3.new(2.4249649, 0.322288036, 2.48687267),
	Vector3.new(1.8341161, 0.382139683, 2.31770992),
	Vector3.new(1.62976849, 0.383329868, 2.3460741),
	Vector3.new(1.2751199, 0.526889801, 2.36649609),
	Vector3.new(-1.05504394, 0.53158474, 2.26983356),
	Vector3.new(-1.39269257, 0.411826611, 2.26662922),
	Vector3.new(-1.65638113, 0.381220341, 2.29559422),
	Vector3.new(-2.84918833, 0.318374157, 2.66473579),
	Vector3.new(-3.1043148, 0.277595043, 2.72047329),
	Vector3.new(-3.14368582, 0.508089066, 4.94251442),
	Vector3.new(-3.07044601, 0.596196651, 5.54894447),
	Vector3.new(-3.33700991, 0.539947987, 6.20593166),
	Vector3.new(-3.13353109, 0.91122961, 6.7974844),
	Vector3.new(-2.67315245, 1.83331108, 8.16873074),
	Vector3.new(-2.40076733, 1.98402119, 8.27449512),
	Vector3.new(-0.548331499, 2.0950861, 8.01047802),
	Vector3.new(0.538119435, 2.09575224, 7.99348736),
	Vector3.new(2.43228626, 1.96860504, 8.19776058),
	Vector3.new(2.57692385, 1.94263077, 8.20943165),
	Vector3.new(2.74430227, 1.86715508, 8.17168903),
	Vector3.new(2.86654663, 1.71266794, 7.95064449),
	Vector3.new(3.14077997, 1.15465212, 7.08739376),
	Vector3.new(3.40190649, 0.549940109, 6.25357533),
	Vector3.new(3.19374704, 0.59865427, 5.50489521),
	Vector3.new(1.76226532, 0.703775883, 4.77276134),
	Vector3.new(0.36144805, 0.744029045, 4.55753708),
	Vector3.new(-0.129424334, 0.74496603, 4.57664013),
	Vector3.new(-1.43166924, 0.711714268, 4.77365875),
	Vector3.new(-2.60455656, 0.64239645, 5.17806721),
	Vector3.new(-3.04250765, 0.59992075, 5.5362196),
	Vector3.new(-3.32942963, 0.544231415, 6.21162128),
	Vector3.new(-3.42043114, 0.525742054, 6.61315441),
	Vector3.new(-3.28028774, 0.831915855, 7.07532787),
	Vector3.new(-3.00925684, 1.482162, 8.11150455),
	Vector3.new(-2.87132978, 1.76817703, 8.59088612),
	Vector3.new(-2.82818747, 1.86736965, 8.99716473),
	Vector3.new(-2.77970934, 1.9602499, 10.2269392),
	Vector3.new(-2.78854465, 1.95235538, 11.9050436),
	Vector3.new(-2.88244343, 1.8152113, 12.7172327),
	Vector3.new(-3.12868452, 1.47511721, 13.1910696),
	Vector3.new(-3.30189753, 1.23582077, 13.4730101),
	Vector3.new(-3.49353409, 0.798688412, 11.7180395),
	Vector3.new(-3.40502167, 0.594474316, 9.61768627),
	Vector3.new(-3.42707872, 0.518802643, 6.61734867),
	Vector3.new(-3.62428045, 0.266161442, 6.30905437),
	Vector3.new(-3.87649393, -0.202930927, 6.05033779),
	Vector3.new(-3.81821871, -1.26684809, 6.09522915),
	Vector3.new(-3.52838516, -2.45153141, 6.23651981),
	Vector3.new(-3.52478075, -2.44268465, 11.4890547),
	Vector3.new(-3.70388365, -1.89914393, 11.6295576),
	Vector3.new(-3.91711855, -0.0582900047, 11.8873625),
	Vector3.new(-3.59035492, 0.639471054, 11.7525969),
	Vector3.new(-3.40477896, 0.59521389, 9.66410542),
	Vector3.new(-3.57148123, 0.670207977, 11.7124796),
	Vector3.new(-3.5094533, 0.833125114, 12.6422606),
	Vector3.new(-3.46040154, 1.01022911, 13.5837317),
	Vector3.new(-3.4245944, 1.0701704, 14.3192053),
	Vector3.new(-3.36347628, 1.03546286, 15.9517202),
	Vector3.new(-3.27719021, 0.853154182, 18.0254593),
	Vector3.new(-3.17317867, 0.768944263, 18.9661827),
	Vector3.new(-3.28642321, 0.698802471, 19.0832558),
	Vector3.new(-3.50551939, 0.111112118, 19.1618958),
	Vector3.new(-3.48871469, -0.237639427, 19.3338547),
	Vector3.new(-3.39184523, -0.3620224, 19.5643005),
	Vector3.new(-3.31429243, -1.42564964, 19.3011093),
	Vector3.new(-2.94678736, -2.13991356, 19.1525917),
	Vector3.new(-3.08201361, -2.59007931, 17.3865242),
	Vector3.new(-3.64034462, -1.89447355, 17.2235184),
	Vector3.new(-3.9098897, -1.39171886, 17.1777611),
	Vector3.new(-4.07043648, -0.668262482, 16.7290001),
	Vector3.new(-4.12473774, -0.318861485, 16.1534195),
	Vector3.new(-4.15031767, -0.227102518, 15.7915125),
	Vector3.new(-4.17370653, -0.23854661, 15.376853),
	Vector3.new(-4.20001268, -0.335654974, 14.800561),
	Vector3.new(-4.21111059, -0.516023397, 14.4192476),
	Vector3.new(-4.18664598, -0.985852718, 13.9848413),
	Vector3.new(-4.12385511, -1.47324562, 13.7012892),
	Vector3.new(-3.97986221, -2.1017499, 13.6811934),
	Vector3.new(-3.83818483, -2.44872332, 13.6522207),
	Vector3.new(-3.49080086, -2.77204275, 13.7638311),
	Vector3.new(-3.38847685, -2.82760978, 12.7137175),
	Vector3.new(-3.64162922, -2.19872856, 12.6984682),
	Vector3.new(-3.88441658, -1.34979177, 12.8370485),
	Vector3.new(-3.99483442, -0.855860233, 13.043355),
	Vector3.new(-4.0408926, -0.274222136, 13.5331469),
	Vector3.new(-4.02052021, 0.0521216393, 14.2328291),
	Vector3.new(-3.9688983, 0.250112057, 14.9664602),
	Vector3.new(-3.92121363, 0.300554752, 15.4745779),
	Vector3.new(-3.89961004, 0.28491497, 16.0145836),
	Vector3.new(-3.94776869, 0.0734162331, 16.6314964),
	Vector3.new(-3.94681215, -0.193088293, 17.1165771),
	Vector3.new(-3.77492332, -0.68400836, 17.3925896),
	Vector3.new(-3.76645756, -1.23231006, 17.5790863),
	Vector3.new(-3.33665514, -2.09470439, 17.6938972),
	Vector3.new(-3.06913614, -2.51233292, 17.7039223),
	Vector3.new(-3.46229744, -1.48094416, 18.6526413),
	Vector3.new(-3.42028809, -0.392705679, 19.5330734),
	Vector3.new(-3.79327106, -0.499348164, 17.3363495),
	Vector3.new(-3.62815475, 0.31335783, 18.4394112),
	Vector3.new(-3.22128153, 0.745345116, 19.0109863),
	Vector3.new(-3.90768623, 0.305521011, 15.7027292),
	Vector3.new(-3.50454187, 0.932859421, 13.2899561),
	Vector3.new(-3.90237665, 0.192577362, 12.8024168),
	Vector3.new(-3.90456247, -0.438582659, 12.435895),
	Vector3.new(-3.76739597, -1.63354301, 11.9405966),
	Vector3.new(-3.50700855, -2.48271275, 11.5203066),
	Vector3.new(-3.57223558, -2.35289097, 12.6154928),
	Vector3.new(-3.39267206, -2.82893705, 12.7352076),
	Vector3.new(-3.33813763, -2.86719751, 11.3957739),
	Vector3.new(-3.31869411, -2.94715905, 6.03394604),
	Vector3.new(-3.70056105, -2.24511957, 5.83659077),
	Vector3.new(-3.9021368, -1.37361097, 5.67340946),
	Vector3.new(-3.96408701, -0.944331884, 5.40131092),
	Vector3.new(-3.90649176, -0.354244947, 4.92586899),
	Vector3.new(-3.78300238, -0.0033698082, 4.14638233),
	Vector3.new(-3.67822838, 0.0390253067, 3.21069431),
	Vector3.new(-3.64819288, -0.167753696, 1.86931515),
	Vector3.new(-3.64819288, -0.167753696, 1.86931515),
	Vector3.new(-3.8352828, -0.655676603, 1.36451626),
	Vector3.new(-3.69622993, -1.18550134, 1.05818081),
	Vector3.new(-3.51583338, -1.97190714, 0.997071266),
	Vector3.new(-3.50985432, -2.40717697, 1.07441616),
	Vector3.new(-3.70694017, -2.56549525, 1.56303596),
	Vector3.new(-3.80502558, -2.25263691, 1.55510998),
	Vector3.new(-3.92481041, -1.73490882, 1.53524399),
	Vector3.new(-3.97524357, -1.3814373, 1.59916878),
	Vector3.new(-4.00504541, -1.03574038, 1.76644325),
	Vector3.new(-4.02033997, -0.762930155, 1.97119045),
	Vector3.new(-4.03215885, -0.57574892, 2.24389744),
	Vector3.new(-4.04054165, -0.413459301, 2.6354866),
	Vector3.new(-4.05831099, -0.364041328, 3.1164875),
	Vector3.new(-4.08364916, -0.419526339, 3.69059086),
	Vector3.new(-4.09982204, -0.623558044, 4.24696827),
	Vector3.new(-4.10219717, -1.13336325, 4.67704773),
	Vector3.new(-4.06787348, -1.53348041, 4.85299587),
	Vector3.new(-3.96597052, -2.01928163, 5.05465698),
	Vector3.new(-3.79689264, -2.48187971, 5.10960865),
	Vector3.new(-3.35056114, -2.95667505, 5.11264229),
	Vector3.new(-3.31762505, -2.94934821, 6.02915859),
	Vector3.new(-3.5666101, -2.37947178, 6.24231243),
	Vector3.new(-3.87835312, -1.43803716, 5.74019909),
	Vector3.new(-3.87137699, -0.380126953, 6.05250645),
	Vector3.new(-3.8927269, -0.330440283, 4.95881367),
	Vector3.new(-3.50862503, 0.369976044, 5.7774334),
	Vector3.new(-3.05469942, 0.598101616, 5.52688694),
	Vector3.new(-3.39033556, 0.536262512, 6.55448818),
	Vector3.new(-3.46856785, 0.416759491, 5.80625439),
	Vector3.new(-3.44165754, 0.249674797, 3.10286331),
	Vector3.new(-3.37811184, -0.0557894707, 0.866656303),
	Vector3.new(-3.36783028, -0.171822071, 0.505346298),
	Vector3.new(-2.91824532, -0.100947857, 0.380367279),
	Vector3.new(-3.35961962, -0.162509441, 0.509581566),
	Vector3.new(-3.59420538, -0.532141924, 0.657964706),
	Vector3.new(-3.66143513, -1.16242313, 0.983651161),
	Vector3.new(-3.50110579, -2.02565765, 1.00942039),
	Vector3.new(-3.52733231, -2.39307594, 1.11310673),
	Vector3.new(-3.71428537, -2.53175163, 1.51181126),
	Vector3.new(-3.63615227, -2.83415127, 1.43785),
	Vector3.new(-3.5846858, -2.8760457, 1.12263584),
	Vector3.new(-3.49989843, -2.87264037, 0.748858452),
	Vector3.new(-3.40505934, -2.88158941, 0.428160667),
	Vector3.new(-2.92664385, -2.85355115, -0.0667276382),
	Vector3.new(-2.52509212, -2.85083246, -0.225180626),
	Vector3.new(-2.31012869, -2.8811388, -0.268596649),
	Vector3.new(-1.99811161, -2.84370661, -0.19948101),
	Vector3.new(-1.40460002, -2.87107873, -0.245233536),
	Vector3.new(-0.600167751, -2.88468075, -0.356909752),
	Vector3.new(0.0648105145, -2.86013365, -0.403406143),
	Vector3.new(1.34691608, -2.87900829, -0.280239105),
	Vector3.new(2.12184286, -2.82130146, -0.194660187),
	Vector3.new(2.35460663, -2.87213016, -0.247140884),
	Vector3.new(2.57322645, -2.87335253, -0.255671501),
	Vector3.new(3.17629004, -2.87246704, -0.0143270493),
	Vector3.new(3.35189819, -2.8747015, 0.120361328),
	Vector3.new(3.46659946, -2.86102486, 0.264364243),
	Vector3.new(3.67518854, -2.87258053, 0.876491547),
	Vector3.new(3.7773304, -2.86852217, 1.4302578),
	Vector3.new(3.80016088, -2.70943832, 1.51577759),
	Vector3.new(3.88689756, -2.46312714, 1.57255363),
	Vector3.new(3.98040533, -2.13167238, 1.52066231),
	Vector3.new(4.06211519, -1.77412534, 1.51815796),
	Vector3.new(4.14087629, -1.12885642, 1.67681122),
	Vector3.new(4.15985632, -0.883317709, 1.87284184),
	Vector3.new(4.17658663, -0.677399635, 2.16910648),
	Vector3.new(4.18788767, -0.480232239, 2.55940056),
	Vector3.new(4.20838881, -0.402531147, 3.15403748),
	Vector3.new(4.22773504, -0.41195631, 3.66756058),
	Vector3.new(4.24299097, -0.594631195, 4.21548462),
	Vector3.new(4.25325918, -0.892614603, 4.55662918),
	Vector3.new(4.23811102, -1.24978471, 4.82480526),
	Vector3.new(4.1822114, -1.72857308, 4.97493935),
	Vector3.new(4.05516672, -2.19068122, 5.08491421),
	Vector3.new(3.88759279, -2.56999826, 5.06618309),
	Vector3.new(3.53432894, -2.92311001, 5.10399151),
	Vector3.new(3.47357225, -2.96525526, 5.96145916),
	Vector3.new(3.67706251, -2.58234119, 5.99208164),
	Vector3.new(3.880301, -2.0986371, 5.85529804),
	Vector3.new(3.98353148, -1.71056652, 5.76741886),
	Vector3.new(4.0975318, -0.971313953, 5.45811272),
	Vector3.new(4.03851891, -0.488303185, 5.09247398),
	Vector3.new(4.03235149, -0.211971283, 4.65498829),
	Vector3.new(3.94258928, -0.0191955566, 4.17274857),
	Vector3.new(3.85468912, 0.0338411331, 3.60895634),
	Vector3.new(3.78818846, 0.065908432, 3.13899899),
	Vector3.new(3.78969812, -0.0219583511, 2.37125111),
	Vector3.new(3.87177134, -0.27453804, 1.8299408),
	Vector3.new(3.96358538, -0.63729167, 1.31978321),
	Vector3.new(3.85471487, -1.16126919, 1.06890583),
	Vector3.new(3.77312756, -1.5833199, 0.99233532),
	Vector3.new(3.6289959, -2.06968641, 0.994947433),
	Vector3.new(3.709023, -2.49865484, 1.08124256),
	Vector3.new(3.73249483, -2.85884094, 1.13346672),
	Vector3.new(3.6156249, -2.50967264, 0.92822361),
	Vector3.new(3.2979331, -2.4917469, 0.270454407),
	Vector3.new(2.51414442, -2.65404677, 0.068898201),
	Vector3.new(0.791523337, -2.73560095, -0.128866196),
	Vector3.new(0.171299815, -2.72068977, -0.160849571),
	Vector3.new(-0.315062642, -2.71185255, -0.134493828),
	Vector3.new(-1.13736844, -2.7118609, -0.0255899429),
	Vector3.new(-1.90205026, -2.67932129, 0.0162220001),
	Vector3.new(-2.63224983, -2.63941598, 0.179751396),
	Vector3.new(-3.05668259, -2.48826432, 0.209421158),
	Vector3.new(-3.1944418, -2.135638, 0.213082314),
	Vector3.new(-3.17981768, -1.87865996, 0.103786469),
	Vector3.new(-2.70846272, -1.86045122, -0.0409822464),
	Vector3.new(-1.14740169, -1.86808634, -0.36574173),
	Vector3.new(-0.00132060051, -1.88230658, -0.487176895),
	Vector3.new(1.80400717, -1.86077023, -0.284757614),
	Vector3.new(3.12589741, -1.87005997, 0.0331487656),
	Vector3.new(3.32502127, -1.92060113, 0.113612175),
	Vector3.new(3.39183044, -2.07378125, 0.243565559),
	Vector3.new(3.29318666, -2.30914307, 0.311589241),
	Vector3.new(3.31225729, -2.4582839, 0.305036545),
	Vector3.new(3.39703703, -2.0410459, 0.2277565),
	Vector3.new(3.48001242, -1.20561147, 0.0714817047),
	Vector3.new(2.02103519, -1.29004955, -0.368979454),
	Vector3.new(0.162256241, -1.27054429, -0.622895241),
	Vector3.new(-2.05774546, -1.25067353, -0.335755348),
	Vector3.new(-3.38997602, -1.16187739, 0.106786728),
	Vector3.new(-3.46389008, -0.981931686, 0.172638893),
	Vector3.new(-3.4819212, -0.635155916, 0.228525162),
	Vector3.new(-3.36305618, -0.461900711, 0.166407585),
	Vector3.new(-3.0880127, -0.425322533, 0.0848531723),
	Vector3.new(-0.257048726, -0.335153818, -0.443408966),
	Vector3.new(1.30277884, -0.374388456, -0.342102051),
	Vector3.new(3.40262556, -0.438692093, 0.131275177),
	Vector3.new(3.58630705, -0.638510704, 0.194555283),
	Vector3.new(3.63374949, -0.955548286, 0.22687149),
	Vector3.new(3.49309874, -1.16496921, 0.0749073029),
	Vector3.new(3.76065207, -1.67689371, 0.995105743),
	Vector3.new(3.67953444, -0.599613667, 0.36035347),
	Vector3.new(3.44866037, -0.431437016, 0.146297455),
	Vector3.new(3.52075481, -0.154480934, 0.575139999),
	Vector3.new(3.54483461, 0.161687851, 2.05271149),
	Vector3.new(3.59112501, 0.32151413, 4.15585136),
	Vector3.new(3.62929678, 0.368388653, 5.46837902),
	Vector3.new(3.61653566, 0.454442501, 6.47902775),
	Vector3.new(3.37928629, 0.945571899, 7.29319859),
	Vector3.new(3.09658957, 1.57260609, 8.11735439),
	Vector3.new(2.97233915, 1.86683559, 8.9024992),
	Vector3.new(2.91124487, 1.98281193, 10.7151556),
	Vector3.new(2.9236598, 1.96315098, 12.3872385),
	Vector3.new(3.48075628, 1.18912029, 13.535346),
	Vector3.new(3.6475215, 0.724969864, 11.7255068),
	Vector3.new(3.58936548, 0.509198189, 6.75459957),
	Vector3.new(3.85765505, 0.15198946, 6.2375288),
	Vector3.new(4.01823521, -0.202504873, 6.00003147),
	Vector3.new(3.90515995, -1.77900887, 6.01517582),
	Vector3.new(3.66963053, -2.47544384, 6.22243786),
	Vector3.new(3.66750288, -2.47538137, 8.15983105),
	Vector3.new(3.66966724, -2.44027162, 11.594697),
	Vector3.new(3.84078693, -1.90909672, 11.6516085),
	Vector3.new(4.06519222, -0.0882763863, 11.8998899),
	Vector3.new(3.73428297, 0.570542336, 11.7754946),
	Vector3.new(3.65373564, 0.714783669, 11.733573),
	Vector3.new(3.55465317, 1.08923531, 13.8193979),
	Vector3.new(3.53226662, 1.0273757, 15.8101759),
	Vector3.new(3.42407894, 0.885281563, 17.8488083),
	Vector3.new(3.39162016, 0.728122711, 19.023262),
	Vector3.new(3.30924845, 0.590128899, 19.2606125),
	Vector3.new(1.06250107, 0.736767292, 19.470623),
	Vector3.new(-0.261417627, 0.700437069, 19.4699097),
	Vector3.new(-3.12772989, 0.665007114, 19.2655907),
	Vector3.new(-3.38928986, 0.384563446, 19.2091866),
	Vector3.new(-3.29532242, -0.380416393, 19.6470032),
	Vector3.new(-2.8085022, -0.368431807, 19.7471504),
	Vector3.new(-1.89267302, -0.398048878, 19.8511124),
	Vector3.new(0.362995505, -0.412307501, 19.9526825),
	Vector3.new(1.31068647, -0.414143562, 19.9185143),
	Vector3.new(2.96941996, -0.407974243, 19.7788277),
	Vector3.new(3.57493734, -0.346258163, 19.5088043),
	Vector3.new(3.58714628, -0.0350937843, 19.3227959),
	Vector3.new(3.55916071, 0.304725647, 19.1948051),
	Vector3.new(3.38182688, 0.657315254, 19.3211403),
	Vector3.new(3.57012033, 0.288619518, 19.193222),
	Vector3.new(3.95571184, 0.286035061, 17.032238),
	Vector3.new(4.09024954, 0.29852581, 14.8739538),
	Vector3.new(4.07023668, 0.0430855751, 12.5507936),
	Vector3.new(4.05904913, -0.0739905834, 11.8818159),
	Vector3.new(3.67478466, -2.43013787, 11.560977),
	Vector3.new(3.49533129, -2.83567524, 11.4884119),
	Vector3.new(3.49255705, -2.92815423, 5.99458599),
	Vector3.new(3.51570511, -2.79942465, 12.6278696),
	Vector3.new(3.95676517, -1.63887024, 12.7665319),
	Vector3.new(4.16553926, -0.666846514, 13.1047792),
	Vector3.new(4.18592882, -0.301459312, 13.3802156),
	Vector3.new(4.13271475, 0.186593056, 14.262393),
	Vector3.new(4.08559847, 0.304935455, 14.9153471),
	Vector3.new(4.04109478, 0.31180048, 15.8278246),
	Vector3.new(4.06473207, 0.187045097, 16.4085083),
	Vector3.new(4.06804895, 0.00304818153, 16.8661842),
	Vector3.new(3.97582769, -0.489569187, 17.2761421),
	Vector3.new(3.91704321, -0.733626366, 17.4772949),
	Vector3.new(3.7967968, -1.57324862, 17.7047844),
	Vector3.new(3.51654768, -2.01964426, 17.7153091),
	Vector3.new(3.21932268, -2.49444532, 17.7379646),
	Vector3.new(3.22300768, -2.58978248, 17.4076233),
	Vector3.new(3.57042313, -2.12018371, 17.3110733),
	Vector3.new(3.95452929, -1.7020216, 17.2234154),
	Vector3.new(4.10573244, -1.22744131, 17.0792694),
	Vector3.new(4.2059617, -0.73969841, 16.808918),
	Vector3.new(4.26100302, -0.366051912, 16.2583008),
	Vector3.new(4.30159903, -0.248547792, 15.6852465),
	Vector3.new(4.3329072, -0.269703388, 15.0952826),
	Vector3.new(4.35172892, -0.393472195, 14.5949545),
	Vector3.new(4.35278273, -0.720421076, 14.1842222),
	Vector3.new(4.29949808, -1.2569623, 13.8114176),
	Vector3.new(4.24917078, -1.58757305, 13.7265596),
	Vector3.new(4.08110189, -2.2486577, 13.6518145),
	Vector3.new(3.850739, -2.59681201, 13.70679),
	Vector3.new(3.49727297, -2.84037852, 12.628808),
	Vector3.new(3.92512083, -1.54939604, 12.1391954),
	Vector3.new(4.06258392, -0.137557507, 11.914773),
	Vector3.new(4.16680574, -0.414341927, 13.1404867),
	Vector3.new(4.12610292, 0.172118664, 14.1674929),
	Vector3.new(3.98782492, 0.283170223, 16.7376671),
	Vector3.new(3.91622114, -0.716905355, 17.4779015),
	Vector3.new(3.67476845, -1.71106052, 17.7652779),
	Vector3.new(3.20607424, -2.50590277, 17.761734),
	Vector3.new(3.05734253, -2.17882442, 19.1583138),
	Vector3.new(2.84558249, -2.20612288, 19.2835999),
	Vector3.new(2.69326925, -1.9596889, 19.5686226),
	Vector3.new(2.01528549, -1.93528438, 19.6516914),
	Vector3.new(1.70897043, -2.07281637, 19.6122093),
	Vector3.new(1.66249597, -2.21292496, 19.504509),
	Vector3.new(-1.53111112, -2.22727299, 19.4903831),
	Vector3.new(-1.62453246, -2.03527069, 19.6316528),
	Vector3.new(-1.92056358, -1.94297504, 19.6451225),
	Vector3.new(-2.64448309, -1.97934818, 19.5272827),
	Vector3.new(-2.69590282, -2.16340542, 19.3291283),
	Vector3.new(-2.96118736, -2.29183769, 18.7755051),
	Vector3.new(-3.32187319, -1.43108606, 19.2795448),
	Vector3.new(-3.3857708, -0.420831442, 19.5759048),
	Vector3.new(-2.78966475, -0.766577244, 19.7579117),
	Vector3.new(-1.65350437, -1.98885238, 19.6517715),
	Vector3.new(-0.974085808, -1.45846009, 19.7648888),
	Vector3.new(-0.858160555, -1.11324143, 19.8572807),
	Vector3.new(-0.703705609, -0.99789381, 19.888546),
	Vector3.new(-0.301886201, -0.944590092, 19.9127007),
	Vector3.new(0.385574222, -0.921815395, 19.9193878),
	Vector3.new(0.950197101, -0.989195108, 19.8865356),
	Vector3.new(1.07490361, -1.1500833, 19.8458138),
	Vector3.new(1.16309464, -1.40524054, 19.7837105),
	Vector3.new(2.43433905, -1.46607494, 19.6524086),
	Vector3.new(3.00121975, -1.45619512, 19.588253),
	Vector3.new(3.22831202, -1.58376884, 19.4478683),
	Vector3.new(3.39403963, -1.82805848, 18.9488754),
	Vector3.new(3.47456503, -1.88130569, 18.4370613),
	Vector3.new(3.49000692, -2.04060292, 17.8180084),
	Vector3.new(3.68376017, -0.888731956, 19.0244446),
	Vector3.new(3.59179115, -0.367065907, 19.4789391),
	Vector3.new(3.00210333, -0.391804457, 19.7639656),
	Vector3.new(2.39278936, -0.751140356, 19.8262634),
	Vector3.new(1.21800649, -1.31964064, 19.7994843),
	Vector3.new(0.924596906, -0.981024742, 19.8893585),
	Vector3.new(-0.031211853, -0.430485487, 19.9669838),
	Vector3.new(-0.899882197, -1.10481381, 19.8572044),
	Vector3.new(-1.04420245, -1.48094368, 19.7450867),
	Vector3.new(-2.01802301, -1.5458045, 19.6447067),
	Vector3.new(-2.74518251, -1.51748562, 19.581974),
	Vector3.new(-3.1669631, -1.7159481, 19.2942772),
	Vector3.new(-2.89776087, -0.940336227, 19.7053833),
	Vector3.new(-2.79843521, -0.764692545, 19.7568016),
	Vector3.new(-2.46555328, -0.434537172, 19.8281403),
	Vector3.new(-1.19611108, -0.405818224, 19.9050064),
	Vector3.new(-0.960201263, -1.00385928, 19.8762093),
	Vector3.new(-0.0929445028, -0.427685738, 19.9668579),
	Vector3.new(0.953642488, -0.948874712, 19.8950577),
	Vector3.new(1.25122678, -1.3229053, 19.7965469),
	Vector3.new(2.99674845, -1.45019293, 19.5906944),
	Vector3.new(3.48992538, -0.812519073, 19.5603867),
	Vector3.new(3.57472086, -0.393917799, 19.5131264),
	Vector3.new(3.81017256, -0.26475668, 18.3984833),
	Vector3.new(4.00031948, 0.231580734, 16.8427887),
	Vector3.new(3.55371523, 1.03702736, 15.3950891),
	Vector3.new(4.0943265, 0.11819315, 13.0584517),
	Vector3.new(3.68695784, 0.669346809, 11.8230791),
	Vector3.new(3.63341093, 0.552117825, 10.3651991),
	Vector3.new(4.01258898, 0.0194153786, 9.66487789),
	Vector3.new(3.95853996, -1.33478308, 7.59557438),
	Vector3.new(3.7110939, -2.38119507, 6.24352932),
	Vector3.new(4.02075243, -0.211667299, 5.99051189),
	Vector3.new(3.85198736, 0.148166656, 6.17668438),
	Vector3.new(3.60294771, 0.50693512, 6.69243526),
	Vector3.new(4.05792761, -0.144953012, 7.46297741),
	Vector3.new(3.66641903, -2.44859815, 11.494174),
	Vector3.new(-3.52099037, -2.45143676, 11.4667883),
	Vector3.new(-3.90865898, -0.324345112, 7.73322964),
	Vector3.new(-3.46542025, 0.472325802, 6.59832668),
	Vector3.new(-3.5621047, 0.685263157, 11.6772528),
	Vector3.new(-3.47242999, 0.555951118, 10.0377817),
	Vector3.new(-3.85538435, 0.0405578613, 9.48212528),
	Vector3.new(-3.8701086, -0.827723265, 7.84818745),
	Vector3.new(-3.55977154, -2.39817739, 6.30959225),
	Vector3.new(-3.89336205, -0.561342716, 8.08175945),
	Vector3.new(-3.86050987, 0.0310344696, 9.49018955),
	Vector3.new(-3.46607113, 0.560036659, 10.0881548),
	Vector3.new(-3.55899763, 0.691198349, 11.752429),
	Vector3.new(-3.27220392, 1.27761459, 13.4821844),
	Vector3.new(-3.33486462, 1.02772141, 16.2847061),
	Vector3.new(-3.13577986, 0.780698299, 18.9042587),
	Vector3.new(-2.76055765, 0.80201149, 18.7985001),
	Vector3.new(-2.73655415, 1.32080555, 16.0744171),
	Vector3.new(-2.45468807, 1.86021137, 14.803956),
	Vector3.new(-2.26196289, 2.06435633, 14.4339762),
	Vector3.new(-1.93590772, 2.12688971, 14.382596),
	Vector3.new(2.20780945, 2.10050201, 14.4163542),
	Vector3.new(2.45491982, 2.00644684, 14.5510302),
	Vector3.new(2.56945181, 1.89672804, 14.739501),
	Vector3.new(2.72087193, 1.66850138, 15.1553717),
	Vector3.new(3.00234795, 1.34329414, 15.944726),
	Vector3.new(3.1013217, 1.24611998, 16.326664),
	Vector3.new(3.06730604, 1.19983721, 16.7290535),
	Vector3.new(2.9114852, 0.810804367, 18.8074226),
	Vector3.new(3.22416067, 0.79274559, 18.7663498),
	Vector3.new(3.29223442, 0.832524776, 19.1788368),
	Vector3.new(2.89724207, 0.981044769, 19.2193604),
	Vector3.new(3.2047348, 0.856312275, 18.8368492),
	Vector3.new(2.9057312, 0.986030579, 19.1903954),
	Vector3.new(0.810186982, 1.05482292, 19.3388977),
	Vector3.new(-0.781792283, 1.05528402, 19.3469086),
	Vector3.new(-2.63008785, 1.01396227, 19.2388306),
	Vector3.new(-3.05593014, 0.856362343, 18.8708763),
	Vector3.new(-3.13520765, 0.863692284, 19.3713188),
	Vector3.new(-2.67833233, 0.997704983, 19.2359962),
	Vector3.new(-2.91331291, 0.848230362, 18.8100548),
	Vector3.new(-1.00718236, 0.874020576, 19.0209999),
	Vector3.new(0.248827457, 0.876242638, 19.0591164),
	Vector3.new(1.33757389, 0.87438345, 19.0140877),
	Vector3.new(2.85707235, 0.817691326, 18.8002739),
	Vector3.new(-2.73112249, 1.32035255, 16.0648918),
	Vector3.new(-0.493962169, 1.22985697, 16.4710732),
	Vector3.new(0.839625001, 1.22975636, 16.4202805),
	Vector3.new(2.11619091, 1.2095027, 16.2696457),
	Vector3.new(2.95575476, 1.35096836, 16.0406456),
	Vector3.new(-2.88963604, 0.842877865, 18.8135986),
	Vector3.new(-2.75553942, 1.30273294, 16.1621971),
	Vector3.new(-2.44082689, 1.8207798, 14.888236),
	Vector3.new(-2.26406336, 2.06721497, 14.4222956),
	Vector3.new(-1.97359478, 2.10449886, 14.4217539),
	Vector3.new(-2.1891861, 2.3360405, 12.6839094),
	Vector3.new(-2.26586199, 2.34741783, 10.776351),
	Vector3.new(-2.31809902, 2.2015481, 9.07316685),
	Vector3.new(-2.3707943, 2.01185226, 8.3274374),
	Vector3.new(-1.76905847, 2.28760624, 9.19627666),
	Vector3.new(-1.84104609, 2.35245705, 10.1719732),
	Vector3.new(-1.7863096, 2.39165831, 10.8411779),
	Vector3.new(-1.68164003, 2.40752125, 11.0298567),
	Vector3.new(-0.85087502, 2.4660573, 11.1201296),
	Vector3.new(0.355326653, 2.4854188, 11.0552683),
	Vector3.new(1.8102721, 2.40954113, 11.0513926),
	Vector3.new(1.96679747, 2.38719273, 10.8038511),
	Vector3.new(1.97212112, 2.28942204, 9.2762022),
	Vector3.new(1.78418195, 2.29478168, 9.12912655),
	Vector3.new(0.0685856342, 2.37674665, 9.05047321),
	Vector3.new(-1.75192845, 2.28168106, 9.12585163),
	Vector3.new(-1.78409278, 2.29259348, 9.25986195),
	Vector3.new(-1.79115164, 2.28259087, 9.17405033),
	Vector3.new(-0.0129272938, 2.37826347, 9.06506252),
	Vector3.new(1.79743087, 2.29175949, 9.11373425),
	Vector3.new(1.94429743, 2.29303074, 9.2808466),
	Vector3.new(2.53598833, 1.97642612, 8.24829388),
	Vector3.new(2.49948931, 2.25921774, 9.72724056),
	Vector3.new(2.34684324, 2.34403419, 12.51929),
	Vector3.new(2.22623873, 2.11416817, 14.3784819),
	Vector3.new(1.88944113, 2.39361238, 12.5143023),
	Vector3.new(1.77127135, 2.41370869, 11.0823126),
	Vector3.new(-1.68193376, 2.40695524, 11.0107946),
	Vector3.new(-1.8329519, 2.25881529, 13.9191599),
	Vector3.new(-1.93528402, 2.14928722, 14.3047667),
	Vector3.new(-0.670275331, 2.43928528, 12.986865),
	Vector3.new(1.75331748, 2.41419077, 11.0460176),
	Vector3.new(1.89162862, 2.3930335, 12.5263205),
	Vector3.new(2.22006083, 2.12401104, 14.3461847),
	Vector3.new(1.4522711, 2.29605389, 13.9406538),
	Vector3.new(-0.509860516, 2.47855186, 12.120244),
	Vector3.new(-1.71787965, 2.40393066, 11.0108366),
	Vector3.new(-1.84457958, 2.24720192, 13.9907904),
	Vector3.new(-1.95177066, 2.15837765, 14.2671862),
	Vector3.new(-2.21316719, 2.33398962, 12.6575308),
	Vector3.new(-2.35536337, 2.02226543, 8.34634495),
	Vector3.new(-2.64035654, 1.82751083, 8.12107372),
	Vector3.new(-3.28966999, 0.557136059, 6.25842762),
	Vector3.new(-3.05849504, 0.592199326, 5.46280479),
	Vector3.new(-3.10276079, -0.0944621563, 0.494477272),
	Vector3.new(-3.36502981, -0.170634031, 0.499930382),
	Vector3.new(-3.38785648, -0.462871313, 0.17930603),
	Vector3.new(-3.47299862, -0.597458363, 0.223531723),
	Vector3.new(-3.44941139, -0.922031641, 0.165727615),
	Vector3.new(-3.40646791, -1.14344645, 0.120426178),
	Vector3.new(-3.20859861, -1.8526597, 0.114822388),
	Vector3.new(-3.19309807, -2.10025692, 0.196537971),
	Vector3.new(-3.03227329, -2.48271251, 0.20160675),
	Vector3.new(-2.5824337, -2.65283775, 0.135836601),
	Vector3.new(-1.89623761, -2.68896437, 0.00300788879),
	Vector3.new(-2.28761005, -2.39054942, 0.154258728),
	Vector3.new(-2.45882463, -1.93676209, -0.0492582321),
	Vector3.new(-1.83652508, -1.85646391, -0.251377106),
	Vector3.new(-0.0608944893, -1.88713121, -0.480654716),
	Vector3.new(2.62783718, -1.85746694, -0.100432396),
	Vector3.new(2.56790686, -2.12416434, 0.117424011),
	Vector3.new(2.43467522, -2.40128708, 0.157891273),
	Vector3.new(2.2352562, -2.62005115, 0.0729379654),
	Vector3.new(2.12848949, -2.67405415, 0.00968551636),
	Vector3.new(2.37254667, -2.49674892, 0.167179108),
	Vector3.new(2.53584099, -2.2412529, 0.141614914),
	Vector3.new(2.6032424, -1.89489031, -0.095240593),
	Vector3.new(1.85698879, -1.32907176, -0.395454407),
	Vector3.new(0.129978538, -1.80835867, -0.51088047),
	Vector3.new(-1.66775, -1.28603435, -0.407751083),
	Vector3.new(-3.14477301, -1.81389809, 0.073179245)
}
