return {
	Vector3.new(0, 0, 0),
	Vector3.new(-2.38662338, 0, -0.0127258301),
	Vector3.new(-1.07588959, 0, -0.000972747803),
	Vector3.new(-1.06474686, 0, -2.97148514),
	Vector3.new(-5.54508209, 0, -2.97176743),
	Vector3.new(-4.24860382, 0, -2.9750824),
	Vector3.new(-4.42900085, 0, -0.0671234131),
	Vector3.new(-3.03753662, 0, -0.092792511),
	Vector3.new(-5.81713867, 0, -0.0247192383),
	Vector3.new(-4.45717239, 0, -0.0654563904),
	Vector3.new(-4.24671936, 0, -2.92749023),
	Vector3.new(-4.25315475, 0, -2.9469986),
	Vector3.new(-5.51793671, 0, -2.98280334),
	Vector3.new(-7.68154526, 0, -2.95491028),
	Vector3.new(-7.6842041, 0, 0.340065002),
	Vector3.new(-9.0941124, 0, 0.355518341),
	Vector3.new(-9.04691315, 0, -2.82909775),
	Vector3.new(-10.0609894, 0, -2.80779266),
	Vector3.new(-10.1838684, 0, 0.350334167),
	Vector3.new(-11.6782532, 0, 0.366714478),
	Vector3.new(-11.5302811, 0, -2.76099777),
	Vector3.new(-13.4846992, 0, -2.71901321),
	Vector3.new(-13.4269905, 0, 0.351764679),
	Vector3.new(-12.3798237, 0, 0.357326508),
	Vector3.new(-14.4143219, 0, 0.345588684),
	Vector3.new(-13.455658, 0, 0.352081299),
	Vector3.new(-13.4756622, 0, -2.66736603),
	Vector3.new(-15.5722828, 0, -2.74738693),
	Vector3.new(-18.4592152, 0, 0.389919281),
	Vector3.new(-16.8418579, 0, -1.33825684),
	Vector3.new(-15.369379, 0, 0.305324554),
	Vector3.new(-16.8201561, 0, -1.28614044),
	Vector3.new(-15.5825233, 0, -2.72682953),
	Vector3.new(-20.5873318, 0, -2.73711395),
	Vector3.new(-22.8054752, 0, -2.72306442),
	Vector3.new(-22.8759003, 0, 0.38703537),
	Vector3.new(-21.036499, 0, 0.382797241),
	Vector3.new(-21.0587845, 0, -0.967563629),
	Vector3.new(-22.8772163, 0, -0.967235565),
	Vector3.new(-21.0568829, 0, -0.950065613),
	Vector3.new(-20.9755402, 0, -2.67818069),
	Vector3.new(-22.7781258, 0, -2.69800949),
	Vector3.new(-24.51017, 0, -2.69332504),
	Vector3.new(-27.3080425, 0, 0.475769043),
	Vector3.new(-24.6506386, 0, 0.493553162),
	Vector3.new(-27.3255005, 0, 0.476608276),
	Vector3.new(-24.5357246, 0, -2.63969803),
	Vector3.new(-28.2608528, 0, -2.60347748),
	Vector3.new(-31.2849655, 0, -2.59651947),
	Vector3.new(-31.3791389, 0, -0.847175598),
	Vector3.new(-29.3218956, 0, -0.768131256),
	Vector3.new(-29.3078785, 0, -2.50613403),
	Vector3.new(-29.3218956, 0, -0.768131256),
	Vector3.new(-29.2980385, 0, 1.25226974),
	Vector3.new(-31.8331795, 0, 1.24660492)
}
